647
83
484
355
395
199
227
416
951
87
847
188
427
65
272
734
340
204
622
574
126
12
935
210
35
818
928
253
311
668
556
833
478
842
999
784
702
401
586
146
301
773
457
877
763
729
191
311
458
978
361
470
422
159
710
95
841
593
799
533
345
579
400
645
322
771
96
737
800
259
531
850
734
236
875
515
538
467
554
907
869
299
445
749
683
289
642
703
326
544
345
219
654
719
902
77
523
629
249
736
534
161
958
30
846
291
740
505
169
723
221
702
594
597
396
818
303
816
829
307
840
372
198
512
481
555
226
503
932
68
240
697
458
308
937
902
975
618
537
596
342
958
97
297
859
112
617
58
423
330
79
285
303
766
625
372
640
22
455
124
152
382
463
897
896
375
330
161
702
361
146
808
965
514
732
182
890
995
820
375
326
937
569
172
748
704
403
358
437
813
720
716
860
877
718
199
82
182
394
761
562
341
819
479
395
434
621
185
44
253
93
594
100
916
243
189
716
24
55
750
68
520
632
192
288
271
868
194
6
358
569
952
318
871
395
277
523
511
237
734
223
795
922
709
676
896
69
454
306
984
948
906
837
217
418
881
88
533
602
291
904
939
482
970
82
170
836
350
787
711
573
280
937
815
649
642
644
302
288
38
553
33
987
702
581
517
956
345
153
226
880
589
62
994
196
225
405
953
672
278
440
50
183
620
444
981
421
753
670
640
490
468
72
840
691
259
953
768
420
425
893
898
273
493
277
222
304
410
221
639
763
816
602
698
697
856
943
476
569
202
17
554
710
120
665
107
709
52
234
463
471
277
975
919
614
640
141
403
761
29
999
195
233
854
206
547
987
48
250
131
992
350
608
329
168
169
647
133
235
118
410
876
251
72
155
810
797
556
793
743
884
386
279
688
603
449
475
913
773
190
736
702
642
121
802
112
549
513
159
458
156
890
380
83
864
34
557
6
414
813
255
144
434
797
261
761
762
504
579
787
812
798
397
130
234
259
869
586
352
570
163
952
540
939
855
496
638
604
312
670
238
320
878
604
545
984
210
486
619
923
891
585
255
469
682
813
265
177
448
837
636
326
984
849
559
787
895
612
72
847
827
354
973
59
722
236
782
228
574
787
853
904
255
320
729
31
884
840
206
681
83
150
500
515
462
317
707
938
733
230
554
789
61
464
919
275
677
659
253
854
64
526
247
839
737
957
621
893
479
906
47
834
66
926
194
690
409
760
34
712
166
233
660
562
626
384
293
801
465
287
686
490
982
208
455
560
83
695
549
218
67
821
636
556
211
718
679
682
975
335
680
742
831
977
856
93
524
9
100
606
448
27
164
444
458
223
639
815
561
544
37
512
255
363
481
369
582
80
918
586
958
552
586
818
70
684
621
601
259
540
879
529
681
961
190
602
12
268
454
690
97
493
470
877
987
551
648
224
893
522
602
112
181
997
806
971
24
58
206
819
451
137
590
803
799
178
166
900
101
387
83
239
637
653
79
97
289
557
159
284
605
389
80
647
908
852
573
442
330
422
613
514
354
597
108
651
723
96
317
310
879
122
896
268
677
668
164
860
669
132
484
276
233
269
560
464
792
723
741
502
885
583
634
33
203
572
552
67
926
1
896
11
861
643
998
171
76
965
891
187
999
798
717
317
526
149
161
31
913
35
905
505
17
391
415
584
170
122
31
361
964
492
557
907
693
144
39
414
668
62
59
304
3
979
6
647
629
97
708
620
892
405
783
879
201
722
538
922
22
221
35
851
915
919
376
891
598
491
990
187
461
580
245
727
822
622
458
156
576
204
505
263
258
44
682
517
681
404
810
658
876
804
222
807
833
187
965
991
525
185
801
654
964
617
479
189
928
722
821
463
825
648
332
517
442
751
958
468
260
162
69
597
102
140
111
956
445
593
795
922
35
838
196
500
272
716
565
341
890
34
412
408
939
765
183
578
575
294
707
857
714
528
83
741
766
503
877
759
552
23
841
509
274
891
633
371
701
944
476
635
452
647
905
306
78
295
854
696
306
974
160
919
688
639
416
496
747
343
488
77
160
804
479
612
722
630
199
826
898
371
391
829
559
929
40
607
925
39
689
592
245
134
769
847
37
188
697
67
675
558
423
265
69
377
871
568
474
567
311
698
605
573
669
708
57
272
582
634
369
691
208
790
588
720
933
229
259
844
747
406
646
500
692
950
377
603
580
448
865
391
760
597
773
428
401
113
27
951
194
895
905
616
944
225
660
405
724
758
71
437
876
311
131
630
882
196
504
662
695
139