15214

-962
-509
494
-383
928
-850
-449
778
-485
76
256
-694
525
342
-131
835
-586
325
-543
608
452
259
187
-99
-590
-926
867
357
149
966
884
-306
453
130
879
-657
-830
-889
-616
-85
837
445
-778
210
-48
-630
27
-420
520
104
-526
-498
-460
347
648
-262
-170
-524
-611
884
761
-463
235
-234
937
-699
-643
-452
-354
-386
-141
138
284
-321
917
-798
763
60
577
830
-787
207
-787
-258
448
-780
-697
-932
-769
-852
-87
798
382
-904
-15
886
-481
-944
-267
-493
-117
-221
978
-435
513
-757
475
-949
312
-186
232
820
-106
346
64
699
-160
867
356
770
-377
-928
969
-181
-527
-350
173
-16
-654
-450
-431
459
906
-414
879
-803
-950
-290
-233
-905
411
26
645
-936
-827
-686
366
-199
-216
113
-892
670
388
129
247
9
936
-28
-293
-570
655
849
-414
382
152
-889
-571
490
940
-536
-326
705
958
-554
858
-401
619
-255
-394
-240
-644
-940
825
17
214
-747
-668
-990
-429
746
-651
-155
-828
-208
183
605
297
-295
665
-771
-831
599
361
102
-926
137
229
-300
-933
-860
-459
47
-261
-123
499
-480
-861
-117
-468
-20
-563
-26
-504
-701
225
-750
768
-692
942
-575
45
-374
549
-42
-567
-283
-739
-513
-585
324
-888
-728
-733
247
-258
-981
15
-584
37
-325
-868
-125
-471
-315
510
-743
803
389
996
-323
989
65
-59
255
-915
702
-375
126
435
-613
595
-194
121
987
-633
262
-863
423
123
-651
175
94
-436
875
-961
-462
177
771
-854
-676
379
215
994
548
-288
-265
-449
987
-637
65
303
254
-615
-504
399
982
-118
11
204
105
890
-122
-94
739
778
-301
-536
-744
68
883
627
514
-843
513
59
-611
348
530
845
-708
121
710
609
693
358
664
559
647
183
101
-784
421
947
277
741
453
-628
160
796
570
-118
258
-764
273
-310
976
713
-359
278
411
527
-354
924
-595
601
553
-172
270
81
-145
268
869
569
441
199
62
991
-259
534
557
-353
-896
-721
-341
-263
607
-255
490
-602
-1
-343
-415
-200
-894
-512
39
-909
-604
-474
179
-325
-543
106
-506
72
-679
505
677
-146
-669
-204
-737
168
669
-115
973
686
72
-453
-981
-4
402
119
-440
-829
-242
743
-390
-837
187
-674
396
-730
-841
-963
221
-796
975
-583
-49
-258
-359
6
817
-682
284
-525
695
-155
-570
713
-970
453
-365
646
140
-762
-200
-553
-690
700
694
621
686
643
-504
596
-616
77
656
326
913
160
221
-925
639
128
584
806
-409
-779
214
-547
300
368
754
-501
-928
-287
190
-263
-280
-66
993
-782
539
759
-524
164
327
-769
-968
-682
15
-77
-935
632
628
765
547
-492
-972
470
-852
-168
-747
107
66
959
163
-2
-803
-776
912
-662
-418
-206
-592
-485
-671
-926
197
251
849
858
228
605
387
384
-189
-845
-234
987
-299
446
742
923
605
700
604
789
-968
-217
111
-757
-54
-247
237
892
91
-481
167
977
564
92
372
-9
-171
297
-676
-945
-963
-639
808
-502
-9
311
396
-688
37
-584
906
-171
794
-446
-562
-558
-657
-979
989
403
-960
-657
-13
-328
226
-69
-465
320
544
226
-587
-211
-236
-589
-786
355
-578
992
-857
233
591
-371
-245
484
586
45
-124
290
74
-333
589
907
338
414
853
469
-752
764
966
408
-635
946
-403
855
957
812
-819
897
-684
383
-45
-870
-518
-233
-739
750
850
-751
-651
789
524
-12
833
-500
-319
-140
-250
823
-812
53
-480
-626
-602
698
559
-315
-364
173
763
782
894
-526
921
-41
-728
-427
-813
-625
-683
-385
-677
659
-150
230
474
3
-701
-478
-44
896
568
328
-854
375
930
866
413
37
930
874
121
-610
-706
221
861
-924
532
571
-783
293
-693
-571
197
555
27
-144
650
-548
940
-411
535
-720
647
-98
397
90
-618
582
836
409
-733
-150
742
708
856
-881
748
814
-108
-929
-236
-640
198
868
-557
-230
622
658
123
641
712
-261
455
-124
128
-775
-289
-189
-447
30
75
-163
573
-351
-641
-943
672
364
-870
-101
785
386
52
-501
-730
-970
957
211
-818
-724
-42
731
-117
58
966
-533
17
-658
-149
169
686
-315
491
-261
-736
426
-823
404
755
908
483
-119
957
-738
653
179
-52
651
449
-242
-460
258
869
128
977
-424
-882
511
970
978
-949
-533
-400
-597
-724
832
966
207
39
994
-494
842
-292
757
496
814
-56
285
-38
-349
856
-935
-61
494
-118
-715
-113
-751
613
-286
788
-989
-722
728
-375
187
-167
-400
-176
-401
-453
408
-22
814
-183
591
207
124
-279
-470
240
-960
347
-111
-127
-519
358
104
648
341
-230
973
-442
966
697
616
-624
311
-821
-894
-541
-82
196
914
-632
-655
825
721
-804
197
-588
893
-668
314
996
-23
-570
199
-23
-391
701
-394
-74
857
864
877
851
581
776
300
-691
614
-713
19
906
785
992
961
865
-374
805
199
-1000
823
-871
-456
333
-777
-916
-473
-597
-714
-853
389
514
672
-757
984
120
-299
924
212
-395
-719
83
706
143
-872
-960
460
691
193
607
102
140
511
-58
-237
586
-730
327
-688
783
350
873
346
-163
-355
-256
761
504
906
-40
230
-696
-233
615
451
-251
655
688
-25
-681
584
714
903
-688
-170
-185
-132
892
-895
864
904
727
284
449
-152
-646
-220
-828
-28
-838
-68
535
-764
-423
983
838
-358
-524
-237
-893
-409
953
-556
-921
-40
840
119
-580
-728
156
-656
399
-737
424
-394
581
585
630
-204
-379
389
69
433
132
-695
-228
725
-803
-684
-312
-485
-645
966
767
-613
-362
-262
915
-189
869
706
-417
41
328
434
-235
-886
-558
848
-547
872
-277
539
638
-85
-57
188
-791
316
787
706
-324
700
-874
186
154
869
-524
-392
858
-10
-793
-609
394
648
609
860
-771
-918
-912
-371
412
115
379
418
75
-989
-524
663
-369
-972
-348
-585
291
-31
-375
388
230
-601
-997
90
540
-618
-438
631
-990
-476
833
669
-899
-341
-554
-610
-691
-32
729
861
649
581
163
-847
758
278
-518
-403
-685
-1000
-404
-682
256
-3
374
391
-368
867
525
-452
-110
57
-994
890
-74
-741
-982
-256
744
-337
738
-659
-37
-349
745
-712
-130
61
-647
762
-482
133
976
-189
745
-63
-450
602
938
427
-53
752
906
917
-427
-271
-366
-157
-1000
943
-926
340
-808
-571
936
586
741
-262
234
-442
671
166
-132
840
938
-997
883
-82
-192
293
-750
-471
-148
-226
798
771
583
-220
598
-383
503
688
-135
218
778
164
-357
505
954
920
320
-29
-544
-553
-635
934
-673
-806
-84
768
219
-945
-837
-246
-643
88
752
-601
-478
-88
655
-891
748
332
-746
-696
-923
-574
93
-511
683
218
-845
-279
-878
-841
690
152
503
-163
510
868
-631
-100
34
-619
639
376
-306
939
-212
-805
452
-536
734
974
790
-723
-761
-609
-621
-697
-350
805
-439
-855
670
-979
-92
823
-98
212
363
-26
656
932
81
41
-850
-389
896
52
583
-686
-452
-77
-816
150
152
-785
-310
-208
-461
696
601
-467
729
777
641
691
-284
544
-949
638
838
-721
822
-942
181
190
-357
-528
-786
-480
-312
-674
700
-896
626
-144
236
-45
548
528
-670
-93
370
-439
-252
-472
606
36
862
813
-206
135
772
420
943
261
47
-69
-130
748
-831
132
112
-139
910
865
-269
-668
468
516
-807
944
-433
-367
-665
-600
74
-780
790
437
329
831
-301
-983
-285
113
133
492
788
680
-168
644
-200
-354
-616
604
712
-106
-709
-853
854
-901
750
-362
740
-804
-641
-14
-483
-439
-743
-561
110
-541
598
705
-302
492
163
-959
-511
-578
-829
-794
223
86
-750
803
-528
-776
-403
-975
-597
-115
-280
909
688
-914
182
-438
684
515
842
501
110
-438
-514
463
104
-578
144
700
109
875
-593
-135
441
79
-328
765
728
-679
711
-573
566
-478
122
159
-854
809
-808
-651
303
-612
994
336
-793
-543
215
793
225
-651
-346
966
1000
-20
568
836
-754
-923
661
-318
-785
-421
-666
864
-948
825
824
829
-38
-132
505
130
24
44
856
-57
536
868
-883
812
-657
-213
-987
829
394
-12
136
-625
431
181
528
737
-512
974
-165
360
940
-203
-30
934
-198
-696
231
218
-681
104
294
739
-906
-18
-438
580
-349
-539
812
424
-999
924
968
881
23
120
-894
760
313
-304
798
597
-339
-668
-825
-64
-955
996
219
-135
-304
198
777
-459
570
693
-135
0
-805
287
-139
635
197
858
610
-559
-47
-620
-688
414
869
-412
-423
563
612
-579
651
-910
-179
-322
-655
607
471
502
347
686
-954
-615
-866
-286
268
-955
-322
42
-192
-810
-55
-748
233
661
-331
166
-64
-965
766
402
618
938
834
-565
216
1000
-906
-61
-952
-641
471
953
-851
-132
-584
-671
68
128
880
-650
755
997
-791
363
798
-233
810
245
-863
759
406
389
572
381
197
-219
43
372
815
919
-16
563
540
136
113
-686
-394
233
-173
496
-678
16
-140
-609
-302
-149
289
244
-178
112
-482
9
-484
912
-723
-181
-383
462
493
645
-928
-131
694
640
134
-197
-377
-520
-225
-195
-93
-40
-994
179
393
501
-475
-423
441
-277
-284
-650
230
-950
267
353
862
486
394
937
-750
-724
-972
367
-473
-341
-837
356
-511
847
-493
-438
94
-986
23
-602
522
470
-348
815
-905
180
474
845
737
131
-473
-455
520
-620
178
-670
-286
163
-672
97
-849
-480
-245
376
972
174
277
403
-296
-788
945
-589
197
-976
-994
887
-913
-901
-235
792
-698
232
-246
749
388
-62
-115
229
965
399
-822
-463
326
128
-172
-81
226
282
-598
-265
-128
-627
250
-458
-495
397
466
-740
-840
-148
-497
930
841
611
559
-246
-517
-306
-881
846
67
-463
-80
936
909
-31
-903
-809
-793
518
367
-740
-96
598
-91
329
40
-169
-686
-262
476
-384
-373
-682
-641
845
-532
631
-913
-366
-137
-179
-119
-408
-382
290
-677
228
-440
680
-601
296
917
311
631
154
184
893
767
315
252
-45
-788
44
-138
771
-480
-512
-503
475
495
-689
183
-885
-697
-863
-737
152
-168
-704
627
-53
-207
-364
582
-720
-752
-149
229
-761
-775
-406
-533
595
-769
675
-58
338
109
-104
999
-815
-872
-108
-348
-71
46
27
689
-593
712
467
685
224
548
509
-63
644
234
-464
995
897
644
512
-848
-243
27
-368
-168
-126
-810
-663
-823
-260
179
-464
-837
180
162
757
-262
782
-843
-156
-353
136
-769
-830
527
-112
917
-741
-270
-866
-384
708
707
804
501
-266
-863
526
337
-231
-988
499
88
780
-660
192
231
23
957
-993
397
590
-291
526
-213
721
424
406
-179
-661
597
221
556
-205
-241
-643
622
840
738
-43
13
597
-628
830
200
291
-73
-191
-159
-304
300
-95
-511
154
-938
-584
264
317
-704
817
-969
-550
503
-57
845
807
-921
855
508
-716
990
266
-779
465
-155
-443
-559
-896
-388
258
856
530
-40
-61
350
-126
287
127
357
-61
-360
-510
-124
-78
399
484
828
-120
454
-34
-324
707
222
-814
-754
887
-240
213
632
-159
553
545
879
593
-508
661
126
-3
-638
417
-993
872
-509
-354
452
-592
486
-846
609
976
227
-114
362
-759
529
637
-896
497
-100
569
-527
420
679
824
-95
42
-495
-409
980
544
-344
510
154
695
-777
21
63
-985
-22
-781
651
-113
-378
-762
903
-301
850
-145
-226
-708
-443
322
-243
-487
-39
-787
-858
-775
-682
-788
569
519
-247
-999
-349
-956
-612
-873
-850
277
946
397
-155
414
-470
386
403
-618
535
-909
-924
851
-133
278
-434
-430
876
-779
-494
-801
-873
-379
-571
-686
-305
448
768
-904
-422
-917
182
591
989
-712
942
-797
995
-913
453
23
321
930
-645
470
-877
-483
-301
946
-160
-587
436
998
-764
908
145
443
59
-838
-661
-912
-508
224
-282
-390
-393
742
-170
-873
635
195
232
-861
569
586
106
-419
681
-229
-123
-144
241
396
213
94
-996
-147
-241
308
-507
-46
627
102
-563
-138
833
-647
641
-280
403
853
-334
-500
-542
-72
-389
-154
762
-787
-138
-989
-91
-995
-930
916
-617
-491
-20
857
614
10
-717
-615
-924
-29
647
-108
602
-671
438
-969
-598
151
536
-932
187
-575
722
-580
407
56
705
15
747
-802
531
975
666
435
-602
-592
-779
447
351
-330
-989
622
-651
-263
-502
752
-624
-496
439
569
-712
-165
-31
-739
-348
811
-822
-891
521
184
763
-437
780
817
-608
654
339
187
162
-384
-476
-876
693
279
-929
-278
-226
733
-150
-58
-290
862
-973
327
492
472
-326
-908
86
524
-753
-458
-957
-433
840
907
-936
-404
-750
812
159
956
-266
306
-456
543
-260
909
54
-295
-970
-874
51
-604
429
-686
-664
188
29
61
-905
-337
-996
-670
-955
673
-372
-473
384
-895
395
-452
-874
-58
-886
-316
-679
200
-409
-939
-25
-506
49
951
754
103
-810
272
658
-39
566
263
-934
-494
-748
-91
-71
986
322
274
-69
-212
-276
-162
-297
222
223
222
389
133
773
-826
849
872
-16
-27
-483
384
476
115
-943
497
887
268
-543
-692
-852
703
-863
251
-381
573
638
623
-242
160
-622
556
378
526
812
221
48
683
-845
-910
-466
-29
993
733
970
-884
520
896
758
595
153
161
839
-865
-579
-88
-994
759
604
-846
812
-239
-916
548
-267
-113
283
752
-949
-864
596
-580
41
438
19
-880
386
-424
948
-450
667
36
294
220
825
-926
-704
-471
-571
695
-761
-479
915
-461
-404
-241
458
814
753
-893
458
207
-296
208
-926
-952
14
-53
666
317
433
264
375
-998
781
-283
-255
104
893
-893
-652
198
589
-519
-461
527
233
897
-903
-161
13
251
11
532
-174
-50
282
457
109
160
144
407
-867
-863
-462
711
-435
-49
-783
-424
-118
343
731
-691
-991
-277
-59
260
18
183
-251
-404
206
379
9
558
-571
497
28
388
830
-663
-221
-848
-889
-93
-1000
213
876
378
853
169
-508
-918
-61
-174
897
967
290
179
-831
-609
-159
-349
999
-412
-927
-998
394
-80
398
142
444
545
342
-624
346
-516
477
258
-322
-124
-167
598
-451
-739
440
-706
833
104
-943
-76
-16
-790
999
-377
91
411
294
860
-919
5
-563
287
-742
-650
-7
-577
-196
-143
901
307
-122
478
-436
485
-32
-301
696
-7
20
571
791
-477
-584
178
490
-447
-34
-421
-445
-831
651
-798
986
341
-813
955
-421
888
758
383
-48
-604
-490
746
-212
-477
571
221
-807
-895
-84
-189
-952
427
-873
-510
849
273
280
-708
240
974
981
752
-965
90
141
-2
602
-371
2
136
-759
-948
-719
143
-110
221
-128
-617
362
-65
122
512
329
245
989
-674
-653
-451
-712
115
651
170
513
-960
385
473
30
-705
780
-752
931
837
-989
-850
185
663
-647
-348
88
544
644
-392
-884
-897
-558
-431
463
-208
-415
674
416
477
562
479
-475
-461
525
-63
-66
-738
614
407
-92
793
72
-606
674
99
-489
-854
-193
-456
673
269
-393
-223
-537
-739
13
846
492
754
133
-619
-248
-378
-231
264
227
-680
-924
-13
-119
-393
-619
981
-35
488
141
16
777
655
-843
152
-149
651
-832
-472
540
-903
567
542
452
95
-554
-280
-277
81
831
-149
382
964
-676
820
-745
-731
-690
454
754
-957
-307
-12
284
-184
-456
-939
916
-428
375
298
-979
356
313
946
-653
128
-71
-607
-553
425
341
449
132
110
-220
905
-256
-99
-725
635
-269
742
-979
149
283
940
175
-964
488
272
635
-569
152
-954
795
809
-1000
-647
-904
900
707
-383
-812
-564
925
332
971
643
309
769
131
351
277
-947
-184
-188
460
-947
-653
565
-862
978
232
-305
-116
-736
518
356
-585
-354
695
417
859
-838
-564
-525
-129
484
-605
-26
29
-430
-582
164
570
501
-786
-157
-546
287
-837
382
690
-246
194
-905
-987
-857
214
-690
-615
-417
-603
717
-769
734
-622
-202
184
866
-767
857
955
270
-305
697
343
240
-558
-160
-571
-87
545
55
196
723
-741
-704
-701
-837
217
932
-197
572
-914
-225
-136
988
36
-705
69
-778
344
455
-514
468
737
873
-621
302
73
-806
-935
-188
-703
-152
-914
-146
-636
530
-352
968
-524
365
-334
-981
587
-354
521
-720
-410
-20
981
-160
-374
-973
596
674
112
-786
-949
59
-118
-163
86
416
-408
-365
-464
-415
703
713
-765
168
253
-740
210
530
214
-229
385
-641
641
126
-970
-824
-13
-460
827
173
-500
236
-5
751
134
326
849
733
676
-109
-640
210
305
-878
-38
-248
-341
-169
-918
-850
157
69
335
140
-197
-8
619
-406
724
-399
-469
737
-441
597
-25
-320
13
312
511
-783
-929
-419
-595
323
166
-581
808
179
-111
-384
-753
865
-832
770
-817
698
487
920
489
-286
-269
509
-439
384
-483
-430
-463
-245
91
187
-197
111
235
-624
903
-370
-621
890
428
969
133
369
726
-622
805
-389
-413
353
980
499
6
-501
680
36
639
570
497
972
-219
97
378
-166
206
-889
935
57
-573
500
-393
-835
-915
-365
-143
700
-785
242
-747
254
-897
-778
879
62
945
829
996
-243
-463
561
91
687
-879
774
-583
-966
-457
-697
-223
-600
867
92
-926
668
249
-48
827
-869
636
-93
616
-649
293
960
751
-627
860
-704
-392
-621
686
39
561
920
515
531
-167
-108
-527
-226
534
167
331
874
11
-672
500
-136
-867
207
893
115
659
979
-12
259
872
-211
-528
-646
503
442
-196
-316
632
332
320
-254
897
-309
-109
-869
194
172
81
235
954
752
739
-794
-557
924
-798
508
205
-838
-814
-151
77
31
-960
-137
406
206
-489
-178
-252
-313
251
975
-526
-251
365
-479
121
-587
-359
-79
-13
953
48
806
-955
-7
943
-134
48
-249
-785
-374
467
-686
47
43
-177
-446
581
276
395
952
250
205
842
478
-442
75
-102
-420
-429
268
-781
844
690
365
329
-784
-881
962
-59
490
-641
-724
544
-599
-526
155
-512
-883
-271
118
468
992
-738
-600
-871
280
-208
-940
516
-277
-660
512
-149
-972
517
-925
-164
145
-546
21
886
-4
67
-124
-493
327
266
-402
-328
-605
329
-204
-646
90
578
15
874
-115
-739
921
912
96
-712
414
667
681
-695
4
-405
-327
-520
-850
-650
-83
768
351
-973
-303
422
-386
964
-362
-320
92
-41
-358
-163
-157
-26
244
972
757
-108
-14
-862
-306
179
-768
691
433
-520
916
-53
419
-752
147
851
-847
894
-208
122
-439
-87
335
-724
-669
-319
327
494
-154
-346
-950
-696
163
-534
145
465
620
379
489
160
-223
965
-899
868
531
708
512
-548
369
190
991
319
450
889
-901
-402
-866
256
-211
-214
371
-169
132
305
-660
868
-78
-381
237
-568
597
296
787
-45
172
312
-745
508
953
-974
456
-178
-472
-374
700
-599
-169
678
480
-402
-76
460
-405
-756
-159
872
-709
641
-98
767
-60
470
-720
-281
566
-483
729
910
-7
-475
108
-390
-43
-257
147
522
-457
-308
-252
-444
661
-381
-34
191
-168
-1
448
746
442
194
-132
920
208
-498
120
-25
-78
423
-391
599
987
-532
-294
474
386
791
771
9
450
-715
-189
647
-784
92
-341
-573
918
-280
-777
-501
-827
884
-940
104
-87
161
334
996
661
-405
180
190
-367
321
-336
536
-672
-154
-223
-921
-961
-598
-325
631
-144
71
-282
368
457
-712
98
84
309
-978
923
-278
455
137
-886
202
366
173
87
64
848
-252
-956
940
-351
-621
671
885
-265
402
-407
96
-156
121
-930
-73
-319
-585
259
-942
-879
-710
253
191
-343
-264
865
16
-675
41
-68
141
-858
159
50
-514
-946
-24
-148
-383
912
631
-403
-204
440
585
-700
344
-378
-101
-743
521
-889
775
-474
400
-182
463
-660
-416
392
971
930
-279
-272
-386
-598
-92
33
891
-471
-378
424
171
787
263
-736
-346
951
-62
798
724
520
-984
-455
-447
706
-751
313
308
-978
269
-385
-325
739
773
-373
961
-391
-475
-274
500
251
-333
-118
-209
858
-816
695
-285
917
380
-785
899
605
213
891
301
849
-936
823
-197
477
883
-212
-295
-315
-765
-82
-327
-766
-120
-364
783
-688
785
458
387
43
-194
445
653
706
-39
-86
430
444
441
85
112
433
-834
707
851
-896
17
529
430
-121
-715
677
-765
-542
285
-138
-119
-430
-26
799
-975
-927
912
936
-379
489
-831
-142
670
18
164
-476
-537
-417
-98
-879
57
-130
-632
-1
-639
-900
-527
-706
-866
641
755
-57
740
657
267
353
-600
-601
207
3
-530
23
859
-11
-724
-363
-217
451
836
64
-899
138
242
180
50
-732
-4
906
-363
-115
-229
956
-495
-612
393
966
-588
663
-529
484
16
904
-251
95
944
682
-195
-678
-698
979
-884
-435
356
-779
-753
162
-78
132
596
-661
537
-349
-752
885
-253
-698
434
993
-581
-209
627
-837
-844
-568
774
1
-183
621
240
-755
-487
-690
-3
746
841
336
-836
729
664
-561
467
-597
193
-605
-658
726
-626
615
-71
-509
-588
532
-408
111
415
-361
-60
162
550
-82
507
-900
396
-80
-359
-353
-382
46
690
-506
173
-159
12
-721
-952
-175
-963
251
347
857
915
-372
405
-373
-47
317
474
262
947
-805
-372
-298
-226
253
888
-28
-458
-323
314
676
329
303
-461
92
-945
612
640
-79
839
-623
270
-962
-743
-101
-710
-326
636
622
23
630
205
-639
894
835
-649
-397
883
-941
517
-346
726
-605
462
-333
-955
263
307
-144
-802
-70
-970
991
466
-202
-253
-145
437
-288
143
-459
75
-110
-707
-467
722
-176
-997
-785
-775
492
-99
-808
-800
-268
456
-228
-258
887
765
-579
-111
289
-517
413
-549
-494
392
84
-454
714
-594
367
775
-886
-67
-532
706
-737
-666
381
859
-834
-411
265
646
103
-887
841
996
670
-611
367
-495
-576
795
557
231
788
43
557
983
-856
-100
519
-667
-648
992
288
349
-840
-339
632
-856
-169
251
383
206
262
723
457
531
-654
303
942
-332
27
820
-788
334
-28
263
-735
-871
29
-667
-270
113
-436
257
393
-909
485
-630
718
26
128
-982
903
636
-51
399
196
-712
-75
-564
360
-587
-146
13
-394
-538
-345
-570
-485
948
832
46
411
731
13
935
-733
113
-442
-277
-862
947
-677
-623
605
-184
-232
-634
722
450
-216
929
-459
-229
808
293
738
-511
848
-864
747
-897
284
-794
443
-963
374
695
906
479
-277
897
-426
2
-993
191
-548
29
-687
-876
319
-593
-848
-914
80
-910
-837
-197
294
846
-944
796
-890
-79
-984
-637
-539
690
975
752
-123
-279
359
581
-638
385
-227
-609
-203
340
177
845
-754
156
93
-139
-154
999
-844
606
-605
560
-441
307
379
-605
149
-331
-166
-197
594
-45
452
929
-149
-388
818
-686
235
-770
655
-466
841
757
-618
-370
408
69
-796
835
178
-400
-168
964
153
340
-327
683
293
579
-714
892
159
-442
929
-636
-365
-261
-327
724
-275
-829
733
-823
-777
-152
-221
-805
-706
-321
-74
503
-554
-920
-477
474
27
269
111
-147
433
375
-995
220
291
411
461
650
-603
-189
-361
922
-813
-436
-518
873
-672
173
57
-898
302
70
543
-617
361
188
695
-320
972
591
-369
-831
807
-452
-801
-323
678
-471
-204
875
631
110
613
137
-665
-924
-861
-288
-732
950
-277
-766
-888
349
723
200
-375
-273
250
10
216
-230
934
387
700
226
395
-570
491
-926
571
-115
-278
395
366
957
185
-882
183
-252
839
222
-114
-554
-95
871
570
505
748
580
-17
906
972
-647
774
972
986
-165
-729
50
836
-80
868
320
-248
290
913
242
-754
929
745
469
-524
941
-461
-18
83
414
-590
135
644
-702
485
791
304
-668
143
-963
-72
195
178
-996
-942
941
-39
319
719
-13
342
822
-390
994
-263
319
388
847
977
-996
-44
-812
-515
-843
844
144
-207
397
-287
920
268
-631
347
-534
56
845
723
250
-507
-703
259
830
-952
618
-516
-760
-922
648
-585
344
-573
441
-51
70
-438
-727
-766
-594
121
-730
-346
-389
-152
431
-490
496
88
113
-195
833
-199
-23
-411
-246
619
855
-457
-944
210
173
798
-224
517
-576
-772
190
19
475
565
641
-898
-975
-8
473
342
-938
-683
774
338
-332
-217
-479
20
685
-610
-807
557
764
890
503
-912
-804
665
140
-828
-380
30
353
478
-531
924
-838
-683
-972
862
16
735
988
635
-40
545
642
577
-71
339
-47
606
545
28
355
-850
-146
867
839
77
-416
259
552
-422
760
956
771
-958
555
-750
426
-272
276
970
-942
441
-750
-933
454
184
314
887
-850
458
642
-350
-290
-870
210
723
-996
-977
192
-281
485
-702
993
-564
455
836
-36
-108
847
950
253
-52
454
-142
-943
-476
992
508
575
-467
18
-536
-863
957
843
254
818
955
-775
-286
-452
649
-493
-658
-890
475
-227
-463
-918
350
692
-934
546
49
-248
-73
745
-219
529
479
322
223
379
479
17
700
361
-926
-13
675
104
-599
-952
-518
300
-91
63
-878
381
931
309
-224
42
655
-640
463
-609
908
282
349
-255
-466
701
225
392
-752
-779
-82
-922
-849
580
604
-641
94
895
677
375
-609
-304
-534
-642
-170
-478
763
-245
-796
-699
636
-316
75
-839
-536
-780
-676
228
338
94
-122
-826
-583
445
-605
272
714
-39
642
465
299
-780
677
560
89
-238
-546
966
644
-425
282
322
-849
853
-172
11
-909
-185
662
633
211
-747
560
-807
-186
-582
-690
-274
-107
-642
-769
-114
-519
-607
-561
-244
-982
159
451
-521
-627
415
-346
-264
351
-175
981
-380
-482
976
980
607
-68
-184
393
51
-99
385
-96
-549
-503
-542
121
406
799
694
-372
539
-861
-610
463
865
-331
-250
770
-550
-401
-478
-42
242
-458
-624
647
-832
-65
850
711
960
415
153
-764
146
414
931
132
-371
632
-697
447
-331
-500
95
424
641
90
12
965
-380
200
85
-936
-183
510
-310
-106
-435
217
-471
536
-347
288
-508
816
-711
771
-812
-369
501
-430
146
55
-3
523
-174
-782
61
955
627
137
792
480
-135
628
851
419
100
406
270
-723
882
-328
-312
-950
-696
658
-231
-691
-210
92
434
646
478
228
221
181
-617
-942
-974
334
357
239
167
-379
158
-328
-102
256
-114
-700
-314
427
-465
-79
713
-421
-955
518
723
-484
157
-677
889
150
249
-235
137
277
-258
564
-824
-81
-713
108
-709
-743
357
-420
944
-811
934
-912
773
472
77
57
620
442
927
163
-651
-323
483
-894
-786
905
413
-830
-16
552
171
292
115
628
616
910
231
-157
858
246
991
-674
913
478
937
-87
-843
-216
-801
-371
122
419
-250
-629
980
-867
528
34
-663
785
-642
659
267
729
382
-304
-822
-518
-106
-974
441
154
411
390
-416
-837
-436
-963
-19
-422
833
367
185
-154
529
-313
879
-668
-597
995
754
411
-239
132
436
115
424
-789
797
700
21
308
850
535
45
291
-215
248
799
-399
-189
96
990
-718
862
236
773
86
786
-869
495
-226
500
-702
604
999
60
980
621
-643
-956
915
193
-927
-389
-947
-491
-786
790
-841
230
60
-238
378
-415
38
782
203
740
-895
-860
144
-73
-78
316
-640
84
-687
405
244
-970
302
418
-89
-696
-86
256
807
749
-182
662
-168
-935
-37
813
744
-716
0
-433
-291
-670
-399
-342
467
929
-55
-604
2
263
390
-427
533
720
-242
910
-66
-267
-227
33
570
-539
-67
-581
-543
67
825
313
334
-370
505
-272
860
-616
441
-556
20
-303
167
80
410
525
669
-426
-988
-602
-173
-396
963
586
346
-50
971
901
-154
703
-850
-109
985
126
-838
645
-772
567
388
831
-415
784
-600
86
822
-522
160
-105
-416
16
373
-419
223
-16
852
378
865
-602
-234
-140
-993
575
797
62
985
316
92
973
-853
702
-472
651
57
-533
-573
-466
-698
688
-804
-827
70
153
773
15
-922
717
381
169
724
-682
-147
350
125
-477
-889
348
79
305
695
247
-847
-144
-335
-718
-194
14
929
-87
-898
65
-654
-967
712
353
489
209
-381
699
334
144
-360
108
-780
-574
-353
-344
-508
663
-764
-155
-29
-169
155
-814
-655
-601
109
926
-679
-744
393
651
-147
53
212
-289
908
-716
567
936
-962
-588
-599
-446
-571
-8
-461
230
660
-35
709
-190
780
-466
337
-870
-103
765
-2
-687
-944
296
481
45
849
433
-804
-202
518
15
-2
780
649
977
-188
-962
311
-539
420
-645
-167
480
965
302
432
546
-855
984
-31
265
801
725
170
-91
-434
330
-383
-674
304
424
583
-792
494
892
-57
688
-435
-295
351
544
-186
483
-617
-240
89
-864
782
991
-962
376
720
-595
766
-740
-550
713
-640
50
646
989
-901
591
621
-943
-635
-629
-308
-343
-531
219
603
-588
-521
-271
-372
-49
444
-722
-789
392
-933
436
-87
-983
-611
453
770
641
652
-485
995
44
243
245
-104
279
-882
-198
447
734
-700
-336
-678
456
580
-510
324
-604
-243
309
-360
-964
63
614
-875
418
-249
446
-142
-588
-128
42
-832
316
-721
-718
-621
-836
-88
192
-357
-271
895
799
390
456
-704
-103
-817
526
-566
179
967
242
-552
83
223
645
735
206
-428
29
-307
48
598
798
821
-122
-799
-406
-81
475
-721
516
21
216
991
417
822
941
-28
-790
-3
835
-40
-252
888
-708
-336
-439
-427
204
64
-160
413
-946
835
-532
-756
950
684
-481
635
-105
650
210
348
-430
887
-346
-966
629
-41
-653
375
395
-605
609
672
-39
442
-959
-842
790
-241
386
434
621
319
906
394
684
-457
20
-174
728
117
62
293
885
-306
-921
310
-766
339
-805
539
-183
-336
859
743
-113
-930
-826
-416
942
902
347
-867
-807
897
310
-789
324
-353
445
960
-718
-171
92
195
-553
-746
-597
352
-786
-466
-552
816
190
576
-415
-327
850
-896
-342
314
2
-963
-112
602
-689
331
-258
307
280
-850
852
225
-690
-528
-705
-271
-231
-499
-185
-712
421
-719
-202
273
-547
-141
-608
-442
359
117
-383
113
-539
674
-469
-861
-524
306
72
844
-626
-129
438
429
-469
618
955
742
51
87
343
3
-997
266
338
-365
-832
856
-324
-175
-20
-897
911
917
-71
-491
-465
-840
-489
-696
185
-220
429
-943
469
-54
4
348
-321
273
508
910
810
557
981
146
178
601
605
563
258
664
-23
-536
-515
-808
507
97
-245
977
-754
851
165
500
-179
-986
902
23
-411
748
-423
-392
-493
-225
-717
700
-714
138
654
-172
670
572
688
-623
550
700
-718
60
251
-177
-502
112
-866
-254
-834
-728
727
144
-362
639
268
-410
358
-799
585
969
-837
-251
657
537
-655
43
-633
-284
-863
-530
-38
-940
-902
321
-75
-278
141
-13
-127
-198
162
-591
723
-430
93
-374
-901
-742
964
209
-772
-461
597
-813
223
217
460
589
-873
39
9
-412
766
684
192
956
-263
-140
701
-492
47
468
-575
702
648
717
-239
171
290
131
-314
341
-812
657
-41
-718
-286
626
-393
856
938
527
-360
133
167
-384
-557
363
-105
-227
-669
-754
194
605
-255
756
928
-62
-614
403
-598
5
-659
-762
-496
-150
-158
-991
622
542
-723
-724
691
527
504
667
-419
418
-332
560
-625
613
-552
581
745
575
-790
-849
633
-228
889
396
-251
-543
849
-974
362
-36
-21
-454
-760
-910
-388
-94
-364
858
205
-63
-436
-163
-664
-117
-687
864
-515
-850
-681
-560
552
944
-818
-178
-593
917
534
80
-374
-508
454
-837
-549
467
477
72
-235
461
-535
438
726
789
950
890
-900
480
318
433
-954
-122
-159
974
-8
-852
596
580
618
-56
-673
-242
-794
-952
754
-734
51
956
336
331
142
-327
-414
111
-85
580
868
550
-47
-45
53
34
-770
-549
-809
955
110
787
-450
252
-807
20
-768
801
652
-276
-871
-179
-74
863
-142
556
904
-239
-496
-503
515
402
-357
-9
-543
-147
-183
329
-843
-370
-955
-855
222
189
16
122
556
89
455
-676
-167
-118
-616
101
19
776
-476
-701
984
-641
280
-228
-717
-748
-818
-616
614
-958
196
-230
274
983
664
33
700
38
507
489
-138
255
-270
394
-857
-454
-49
-750
34
575
589
-717
-416
771
-4
898
-985
-511
-47
689
-509
-876
432
149
-735
540
-155
-374
475
949
838
-180
394
173
12
767
134
747
-935
363
-926
947
-841
355
181
802
-128
-806
-240
-901
-134
-12
-670
-610
260
388
-848
-986
260
275
-428
216
605
-587
-119
17
-884
-690
-422
286
-869
-699
915
-269
-58
-642
-21
100
-152
-143
93
480
-529
587
-690
-544
82
541
424
249
-143
-744
669
-146
-915
643
180
603
-936
-320
975
191
-333
141
611
-81
-910
369
-67
-964
568
789
432
-936
696
-818
-634
633
638
316
-849
414
-902
78
-401
-338
-11
303
-58
-13
133
486
-875
320
609
61
356
-329
173
541
-199
-102
-484
884
386
-365
-529
145
-830
704
-303
-988
-664
34
-221
802
562
931
-711
242
339
336
968
589
-875
220
423
569
-8
249
985
-917
526
533
-660
-692
-954
-544
894
608
779
-321
-790
245
34
577
290
349
367
-238
-72
-47
-756
658
-738
662
-135
-505
939
190
-123
-658
-924
-600
610
230
-9
-353
-647
-16
110
-928
799
255
475
-425
-902
-842
-917
820
99
-395
-188
966
157
703
960
-513
-888
290
-512
499
585
-312
-228
-764
-745
-683
222
520
460
116
579
600
-565
279
992
284
909
388
509
-279
-197
-382
413
684
966
751
-917
-494
-470
-254
441
26
698
-439
57
68
219
-208
-568
976
-696
494
336
-306
330
-898
49
-770
-963
617
4
154
504
-508
694
930
-928
-220
-681
-902
-430
567
480
985
382
181
-504
543
498
400
-516
-270
382
738
-195
-279
592
623
793
806
18
625
394
387
361
176
778
-756
738
-127
-659
767
310
610
90
8
-127
-810
895
-104
515
-196
570
-409
918
-64
354
-10
520
-805
-690
606
982
800
-2
-427
-166
447
-398
35
651
-310
-719
-264
-645
973
-456
435
-396
500
-510
408
987
627
177
565
-461
122
66
-439
442
-48
-198
-36
402
697
491
770
-467
-284
-746
-942
890
606
-472
283
-200
881
249
657
-792
-106
128
-163
-987
-356
116
728
672
-457
532
-901
-389
233
-307
121
-373
-240
-517
-147
510
-106
348
631
863
-148
146
966
105
365
-721
-518
519
-892
802
-882
126
395
949
576
123
-602
29
250
-249
266
691
-784
192
-546
-185
517
342
323
-3
-309
624
458
10
152
497
456
558
-809
-541
474
631
633
-275
-747
48
506
294
-874
-571
40
51
322
-531
-614
981
-221
-791
336
413
456
-55
306
495
337
310
815
219
-860
655
52
736
-502
858
90
519
459
742
522
569
104
-50
521
199
581
-520
-232
-336
173
-637
793
684
897
186
-264
426
347
314
-670
889
-445
114
784
93
618
965
694
-941
894
976
755
-239
-886
685
-505
-229
303
-527
-298
-219
13
40
831
-778
-405
96
-523
653
-215
373
-737
-871
839
447
-960
-244
290
34
135
24
827
-634
109
-163
230
-134
884
401
574
-496
-367
671
-613
323
682
455
786
237
393
162
-382
603
32
-413
373
133
-575
-802
107
-49
-316
-575
-177
497
-112
381
694
-220
647
852
-688
-377
-798
694
654
-538
330
-302
-203
-574
784
249
49
-570
-310
-570
320
-859
-4
894
-409
595
-386
288
611
450
-952
-922
99
-452
-657
-927
-93
740
-823
425
-489
766
-290
-145
-321
-298
-781
308
-246
219
121
-226
-356
967
-263
805
-33
-556
-824
61
-75
-538
571
52
-903
-689
-199
337
648
-735
844
-882
457
308
-181
-404
-501
-141
910
-356
482
285
-166
501
-251
-739
-348
393
-974
-388
432
-391
-202
957
-660
661
-123
-896
-151
773
128
550
925
-408
551
883
-9
584
-215
-915
-625
733
-4
-516
17
-348
626
-555
-513
566
-766
-903
148
823
821
-5
-250
-606
472
149
285
496
951
-708
816
896
-174
-282
-379
867
-520
882
685
-785
311
-268
-331
920
734
836
319
-452
-8
135
110
310
-872
74
52
576
-124
258
-696
-732
-910
-650
964
-178
-699
-263
786
484
-72
-181
-444
-563
900
-281
-703
246
-732
-89
-221
-809
-505
-417
631
696
140
456
-345
-666
-461
134
-146
-237
-766
275
-998
851
-839
166
-896
-405
283
-731
903
-756
-820
-928
1000
-531
-647
501
145
-802
753
685
-881
-259
-88
-367
181
-484
285
276
653
-670
-77
990
53
842
-621
369
-227
368
-390
308
725
168
365
-917
-799
-308
-112
-328
456
-913
-408
34
-332
20
-44
513
268
-783
82
224
211
-19
-414
757
-133
-564
-262
-637
603
385
-695
-626
-470
616
-550
565
-911
-316
573
968
565
599
-266
-562
627
683
671
768
-382
184
686
-913
-593
-96
912
-240
921
682
-897
-145
823
508
959
405
-928
622
671
44
-812
-972
875
850
452
122
-965
801
829
-274
161
-386
-424
912
-275
309
-940
-396
29
322
-739
-29
-1
-813
-72
-398
394
-113
945
-624
-884
-736
-777
-87
723
424
646
-129
608
-771
-228
-18
-134
290
386
-191
-523
-265
648
-963
228
2
-132
817
779
-459
498
168
147
749
161
660
154
825
-272
-266
335
-659
323
-161
289
-3
-885
441
-530
-534
-491
-705
908
-939
452
197
145
-184
-284
771
94
756
-394
244
-716
139
-123
-281
-490
673
-857
400
463
263
-139
-338
700
-439
634
556
960
283
-985
-534
408
298
-78
-978
-490
-640
496
370
209
674
925
-862
839
954
215
112
-40
-360
-955
-339
-677
420
457
511
-358
-83
586
186
-6
-959
586
-521
-443
-369
-150
-253
69
123
341
344
482
-689
753
-540
-931
955
-746
-412
-382
-714
934
-350
218
654
-17
696
-434
-319
574
144
-617
-930
192
-265
-869
-996
121
-991
70
-785
-143
44
-92
473
906
-890
-498
612
834
-987
-441
334
-289
-170
-515
340
-662
27
-467
-10
-898
395
798
-559
30
433
578
478
-893
-301
-24
934
-472
-583
-669
442
-275
-71
887
-653
-653
60
885
695
-873
265
959
245
207
931
734
-813
-429
-120
349
785
553
411
-993
-795
-318
-718
-68
-242
34
-69
328
-118
624
-747
-226
634
-533
-560
56
-379
-51
-5
591
-804
429
-417
635
-240
-266
790
447
841
-662
898
451
994
526
-807
-729
-443
-338
-860
121
-905
-835
355
-40
-933
899
-480
-438
-324
500
955
643
289
-21
-801
858
-92
-768
910
-418
487
502
-629
962
-795
-696
295
-590
742
909
-893
27
-737
-359
927
438
651
-327
183
-126
-475
-248
27
-543
-291
901
-372
-547
-740
-983
193
643
926
779
-251
129
893
-938
-21
17
335
-544
-815
992
-267
-734
898
420
351
-303
41
499
-474
884
-51
388
395
-390
506
-251
752
564
231
242
-466
695
-819
-869
-520
-512
-370
-165
371
-646
-595
190
37
-425
-624
321
857
614
-242
163
12
118
484
703
-444
-35
-621
436
507
398
594
263
-616
-817
366
740
851
-677
-287
-761
458
212
-993
708
-887
-262
382
550
302
-579
256
89
806
228
-365
-550
-427
265
7
459
973
-361
688
-62
-789
-208
299
634
129
-178
-139
351
-635
420
-986
173
176
716
-380
668
883
6
661
-964
363
-649
-42
-533
-954
-357
297
464
-542
-375
-724
-242
241
-377
-30
-335
36
857
-61
-586
202
-839
-97
-950
295
437
-112
-190
601
-145
453
641
743
-440
76
780
-198
96
598
645
102
829
434
320
467
537
-267
664
127
448
-803
-997
725
-829
981
641
643
-523
-525
999
-654
-10
497
782
77
951
-448
859
-601
-779
201
-850
-942
176
737
-899
731
275
-44
933
-417
-982
704
-949
-90
-332
743
-490
-143
-357
-672
598
393
401
-312
19
402
154
-588
-311
-95
-385
325
746
-288
600
-47
888
-281
219
-712
463
18
550
-454
-433
-631
-707
315
-816
-3
466
833
-613
683
-647
987
-799
-463
-243
627
54
-617
-922
-707
-838
-157
450
160
519
806
-338
-240
349
511
-275
606
208
327
859
721
-852
-390
449
-455
-738
-23
-215
946
-232
-402
173
-661
-871
913
-322
-113
272
188
18
429
5
58
502
285
-807
823
-316
-586
-511
-600
915
614
-10
433
638
-307
-632
-260
153
-151
-829
325
187
-315
409
730
-535
60
-278
55
-978
-69
528
-231
-624
686
-153
138
-850
68
-968
978
-159
390
-913
675
898
864
552
741
-996
-887
-610
59
874
-49
675
120
-165
783
-656
290
-700
-749
-593
-959
-384
-991
-709
-250
-665
271
253
-551
419
106
-607
-15
45
415
-217
312
-478
-264
-982
487
-881
-348
51
-590
348
56
723
989
172
821
-995
-101
78
964
-335
614
400
732
146
-329
458
483
371
-661
32
751
114
628
-245
-38
130
-153
-95
-235
333
975
-640
28
476
-330
412
679
338
-30
-186
-318
-241
-91
114
-489
463
-621
-294
620
-621
-9
-80
-280
788
-276
-994
906
-111
-456
810
-303
-103
208
84
-921
-959
-299
453
325
732
312
574
-1
1000
627
83
-157
-116
861
-902
287
188
-965
-294
981
-438
651
-617
823
-769
-528
384
302
-472
103
-733
-30
926
818
-958
-425
-154
663
-434
204
225
627
848
-701
609
10
466
-307
632
-657
942
-424
245
568
563
988
228
900
-770
-829
809
-285
203
-705
636
-577
640
-858
73
-500
-220
66
-996
271
-255
420
-530
395
320
437
371
181
-726
-767
-869
-935
198
765
-635
74
187
-99
962
98
357
38
-21
-627
494
-453
-899
635
-381
-411
-661
77
-275
961
88
776
-208
577
-348
-159
-122
-486
635
572
166
-377
417
722
314
665
203
-68
-756
-405
291
-554
875
984
-709
184
922
669
-70
-244
-691
785
450
799
-205
-858
-231
-571
-660
268
-903
-827
-135
463
-794
-643
580
881
-120
765
-447
-277
-513
786
305
476
-443
-657
702
807
-882
221
275
-439
971
372
700
710
372
410
350
867
955
523
257
-6
-79
-180
944
829
-501
755
361
289
446
-153
-215
966
359
-584
-571
-345
277
-481
109
93
-814
-466
928
-241
-804
739
-33
432
-977
469
-138
-833
214
146
863
-957
725
307
250
283
-299
-940
-22
188
-95
479
-919
-293
301
796
999
53
-141
-772
736
-44
494
467
623
-588
660
542
641
-309
-216
252
54
-128
757
775
609
-618
-313
504
-810
519
-13
-136
60
380
103
-518
-777
-305
752
-427
-219
751
155
194
355
-283
460
-250
805
145
-755
48
-878
-344
304
-929
505
-682
-234
-114
564
-731
20
492
448
695
970
-545
612
43
-639
-130
-950
376
-143
-63
529
353
348
-219
-976
-193
13
611
-231
134
922
147
-503
968
772
-139
-307
-768
807
-328
992
-234
591
238
449
-886
-281
267
789
-950
478
457
548
-904
-631
-277
490
-365
402
573
847
635
302
-887
273
-483
574
-650
721
978
7
-701
-644
-780
-549
-641
846
984
879
975
-63
783
-997
-806
489
-879
209
900
-392
-570
453
79
741
345
673
-704
-821
-765
-714
611
-674
860
621
-701
-519
-952
887
7
920
808
413
-67
843
-564
429
984
92
185
-479
-298
-886
-111
477
-685
907
-543
-979
642
-59
603
-44
-22
36
356
-997
362
256
667
-289
208
464
61
889
-522
990
-493
656
609
524
-535
724
-31
142
751
-918
353
-855
-297
-582
-61
-167
-963
462
-751
104
-418
87
-435
-761
-441
31
272
-388
265
268
-602
341
116
627
-106
-319
-144
-865
921
-111
-973
161
-161
-581
959
-563
619
-939
-893
-842
851
241
203
159
169
-821
-90
-632
754
-39
744
-9
678
33
570
209
-473
719
-144
-177
50
619
947
-337
-605
43
544
-308
-268
660
902
365
5
545
-6
661
585
42
-260
-980
359
-675
-451
-5
-879
-453
-92
985
222
-839
349
-216
-743
11
-528
-676
840
-453
783
892
-483
729
-655
513
940
384
530
-439
-668
-76
137
322
-772
-843
-645
575
991
983
-17
986
208
311
-45
694
741
-229
-729
-228
459
273
567
-15
-97
753
962
-686
8
-43
699
-507
755
-938
577
-94
342
293
183
-215
-875
996
236
439
-624
-164
561
-296
-273
188
79
-559
803
963
231
810
-695
110
-21
-142
694
-773
296
-203
-722
-211
832
-545
324
-22
798
-827
282
-935
-27
916
517
727
-913
-4
-925
66
-714
141
260
-180
352
659
430
-493
-330
-921
-68
137
-454
623
972
-281
870
199
744
-332
778
-771
3
-760
55
-211
290
-660
99
-879
-81
-600
452
814
-583
-974
292
716
-252
-541
-890
648
299
-923
-59
969
-549
210
949
377
-204
114
-183
564
147
-131
-646
132
-819
-636
-817
86
-415
-55
801
595
778
420
863
-26
994
81
-451
427
-347
-440
-29
9
406
-455
68
-969
927
-492
-721
-823
-243
973
75
854
-571
908
-157
-467
-932
-408
-993
462
-516
-399
731
962
-576
932
-954
-311
248
850
669
-293
-541
-829
-794
263
594
-705
557
124
29
88
-226
-111
120
-682
-573
562
-141
418
668
107
-481
-134
864
-771
187
-208
71
155
170
-487
2
-104
889
268
-476
-170
997
656
886
-283
-481
-147
142
-848
599
-812
735
451
-10
-250
-43
-702
-123
294
-767
281
-967
-870
-817
-690
860
611
255
447
134
882
-59
-848
327
143
-970
27
-964
160
94
700
-580
-386
-282
-52
-783
-519
501
266
909
-852
803
817
-627
-828
-404
-653
-709
-649
-751
333
469
-87
-472
-862
-240
-50
-310
974
-598
609
530
-832
599
830
-375
873
258
-141
582
5
625
-716
96
216
834
-364
211
71
-451
744
909
707
-679
660
-17
-340
-436
846
662
-734
125
533
469
32
-125
-910
950
-463
64
246
385
836
114
241
361
403
-246
180
-739
-567
219
-455
-574
-134
427
-167
-681
-832
-492
-155
-411
747
-430
488
359
10
-231
190
354
-64
648
473
4
-968
-271
206
749
-923
-61
469
534
1
-772
-229
266
-654
-131
-429
-402
-127
-134
748
-411
366
793
929
-981
617
-801
-148
413
814
-525
-503
150
949
43
500
-19
905
-852
-5
210
-960
929
325
190
34
158
326
692
13
-37
-509
-586
-763
843
-905
730
93
-983
583
-69
530
986
568
44
677
897
558
-396
86
-287
834
-617
461
-707
87
-320
978
-163
-876
442
-304
-421
-160
658
416
749
803
840
290
-895
-676
-871
445
91
629
424
-133
-154
552
-933
571
-515
-314
-840
-800
-922
-775
845
490
-471
-232
-413
214
-763
-108
-324
-730
-288
-862
734
-377
414
-181
-924
75
85
-641
895
-32
-884
-433
363
-112
471
259
253
-183
-566
-358
490
-372
-684
192
598
-311
612
-592
302
678
-380
758
515
-302
584
594
-753
-54
696
812
-524
491
550
648
614
888
492
506
115
159
170
-289
626
-419
-882
210
-610
-497
-325
302
-166
-28
-327
145
677
-755
-676
310
-849
-304
882
-203
-21
-349
503
-295
966
-30
159
-752
364
-562
694
-484
-128
-391
377
-799
877
-2
731
506
-723
-889
619
-861
-278
629
-517
-993
-259
-918
-351
-454
-60
259
-105
344
433
-874
157
-709
-970
-331
586
865
-654
-728
-525
518
15
-213
-620
-698
151
-151
964
-9
492
154
254
-250
-172
-17
-521
-70
203
-17
154
-591
-847
-366
960
581
892
-274
599
422
342
-830
645
-897
420
935
209
-305
211
712
353
-719
16
-579
-241
-17
962
226
-510
-344
-532
-364
340
-174
-977
-127
493
601
165
595
-524
885
-955
-985
-660
-157
197
831
-583
792
496
-101
546
622
-317
-301
-986
178
926
-282
780
-509
-805
-920
-625
-668
511
-786
24
-940
810
-799
-814
593
-865
-985
366
26
-426
-159
247
-330
-54
-18
-17
579
614
547
549
-454
833
987
841
-610
80
34
-18
913
-864
670
-69
851
-124
863
826
-883
-7
-641
130
-7
-50
168
-924
717
-25
814
143
-399
-899
-371
-696
490
-319
12
908
-627
-553
495
655
-835
-257
-434
-311
666
-27
-132
627
-626
590
289
967
534
-333
115
527
285
942
-977
735
-321
-335
-650
-398
-576
585
-714
-464
855
615
498
-996
-525
74
353
-6
-252
764
-632
-939
407
33
-120
995
-208
-472
-584
-909
827
69
714
998
-20
-526
980
-298
273
278
-516
568
3
-611
181
-513
643
302
667
-575
463
-132
26
821
-165
-761
-770
313
-630
978
-557
-742
624
2
-141
-876
594
-811
-75
698
956
-652
203
-21
-317
1000
816
-795
763
226
734
711
436
818
-286
-947
75
-500
934
-403
476
653
-441
-56
263
-866
-259
957
899
-60
-698
849
951
-595
-125
-395
395
333
637
42
-396
-159
-899
-75
-912
697
-669
420
-976
-863
-68
836
-729
-881
-413
-227
-342
-74
-765
84
-143
-948
107
204
190
-545
286
-1
-690
581
128
194
718
658
709
325
442
-329
-551
223
796
-323
-806
-20
401
-502
427
519
581
-559
881
772
534
894
626
-46
-114
-446
994
-206
-182
-709
-875
-577
-354
-120
987
910
-486
-448
635
399
-840
384
557
-812
706
108
-593
-794
746
146
-666
-322
-293
304
373
246
-234
-565
-152
902
437
-960
-647
405
-165
260
-599
-306
309
-535
-913
-119
218
-530
-574
748
181
267
-58
805
-895
-121
482
-32
875
-978
-631
-639
-715
388
-512
448
854
-910
927
807
392
-287
212
812
288
30
-673
-347
260
756
-548
-574
-56
-267
873
860
889
62
-421
-285
-610
-542
-443
-961
-559
-68
790
602
-900
-89
-906
113
-506
-946
-938
324
-962
-577
-568
-307
950
502
435
758
-745
134
526
902
-735
420
353
-267
436
560
-224
-995
-593
243
523
644
-712
592
149
-684
-12
303
-297
-871
-967
571
-87
483
-690
219
-896
-558
-982
-558
-439
-784
-926
772
237
367
-20
-290
1
-266
344
206
436
-113
-6
276
193
-723
-160
-399
567
-186
-910
-425
-378
-492
934
231
-862
-776
-361
-508
-330
564
-869
-683
-768
750
-927
219
334
930
-237
-56
-781
-640
-279
342
70
349
890
-690
-733
-306
-310
-203
395
-167
-741
-834
630
-537
653
733
30
-569
654
-419
812
-211
750
-59
-996
351
623
-95
12
366
-965
873
953
-501
-108
209
855
-965
601
-43
388
722
-757
550
785
167
-194
917
-956
670
718
176
373
-121
-131
731
422
-865
455
45
459
-211
271
-459
-410
770
-556
-357
984
-108
-986
100
607
-468
543
985
685
-244
718
42
-522
902
118
477
201
155
612
277
663
226
315
-47
-226
475
-332
32
-906
555
-264
359
476
880
542
454
-918
-551
-164
-202
688
379
-559
-452
575
598
-301
-432
-618
879
713
-955
-354
-397
-764
751
449
-710
-356
356
807
-264
803
-150
-276
-683
-137
198
732
-405
672
583
-245
772
-209
670
-582
-660
-510
857
858
-453
-877
-334
-244
-162
801
315
854
-575
154
772
-497
269
850
-454
-603
-67
320
-480
-188
113
307
434
-523
562
722
-594
-558
916
521
241
-685
216
-854
-116
938
-186
22
-438
-524
-790
-352
-207
-83
-813
514
-865
633
880
286
-326
497
620
911
-431
590
-697
806
-95
-978
680
-358
561
-825
-15
-778
433
-162
833
889
808
-464
-513
970
664
999
529
-920
354
392
706
-427
970
-567
201
-240
442
887
-875
-616
-609
67
-889
-248
431
161
85
-449
-930
-87
484
-366
-56
936
-20
491
-622
-990
-860
146
-927
-54
810
-382
152
-378
-553
995
-117
-821
-618
-765
-578
-471
-901
608
-534
891
-431
-609
744
-564
556
-865
929
70
-575
-544
-919
45
874
682
89
-431
157
659
-101
-195
-851
372
624
-69
253
775
369
-262
135
76
-774
517
-455
-611
-994
-401
-677
-811
382
-751
-733
-734
-174
583
970
760
945
859
91
383
-486
121
941
-178
627
-47
491
552
-803
-821
311
500
786
-949
-204
203
-75
-44
927
-689
888
47
432
-737
546
322
-20
592
-704
165
-644
-78
-418
-599
-642
305
-212
-825
-962
977
-399
815
314
648
-138
150
-787
-435
875
-787
100
-22
-198
-217
927
-939
-571
574
-491
828
-551
46
-578
-972
352
-670
-833
-117
-78
864
446
219
343
547
-797
-966
25
442
-870
-768
516
723
445
-457
106
-578
-154
-801
399
-925
-491
498
398
-425
970
-352
-365
162
653
-103
-255
-434
51
-965
627
812
619
445
-815
-813
-563
877
616
99
91
-582
499
98
-234
-74
116
124
-421
-956
-344
-858
-46
92
180
977
334
-702
-512
-134
-982
-976
-148
726
499
880
977
981
771
-311
-496
-429
148
-297
-528
-863
549
-790
446
-314
856
-173
55
-549
-592
-299
-133
213
503
410
949
-235
678
745
-786
-30
334
707
125
-288
-642
-616
-342
809
580
128
-91
957
-232
87
-491
-400
972
521
329
-447
-309
536
-850
997
-539
-497
-606
965
215
954
-505
-766
807
7
370
814
-587
68
-412
-138
947
-539
-106
573
-631
877
393
573
-137
144
-178
770
-885
772
-918
-831
-124
-318
233
719
500
-535
141
-245
-80
-202
575
162
381
-676
-781
-583
867
613
142
10
263
-788
400
965
-205
-808
-497
522
-589
218
64
-988
-716
-946
493
514
781
678
-544
-460
0
-599
-791
873
587
-844
-12
239
739
-790
-352
-758
205
377
65
507
-3
737
-388
55
-100
618
-957
948
577
888
298
89
-118
700
-45
-855
-594
214
821
618
-705
-696
-654
266
-588
-127
-413
420
-393
612
-811
665
-813
-466
-310
113
839
-998
201
196
-939
-229
-442
-418
785
-867
-46
-722
-956
-709
-320
-803
428
91
890
-88
867
-414
109
-814
-192
-503
-359
-779
434
806
863
189
111
565
-508
-958
869
959
-381
129
-563
421
905
-861
-901
812
765
324
-375
-825
733
592
637
-547
146
-550
-422
-140
-459
205
436
207
-469
-948
880
97
533
745
822
927
-23
495
514
950
764
486
-976
164
-933
334
-432
714
-271
978
518
-597
344
-927
56
-841
941
-156
-192
-286
-88
433
939
-395
674
512
536
-976
-58
-19
447
566
-649
-493
-392
832
-194
661
-447
414
548
773
-482
676
-370
-239
661
-353
366
-127
711
-16
267
903
581
-386
-618
-21
-761
-161
-1000
72
330
936
786
-932
127
401
364
-494
321
955
422
669
364
996
528
755
562
-159
653
102
931
828
933
478
911
630
354
-717
-611
476
-662
374
-743
-992
293
-557
97
605
716
284
-834
-36
-320
-773
954
-808
-823
-250
145
-833
-486
32
-419
-287
491
-985
-305
177
-537
-347
-645
-512
-722
-869
-140
758
-366
-23
-84
1000
151
8
-193
946
13
889
-762
-654
-326
308
-389
-688
-422
959
-134
-957
-97
630
-121
98
-680
-978
-24
-531
-751
466
-55
-413
-604
-145
-443
-390
415
4
996
188
299
-628
532
683
-207
-70
-448
-889
175
968
-175
811
917
-392
-99
814
-579
794
314
-988
54
-323
-236
984
-540
-34
723
-628
83
-258
-55
-939
136
284
886
-345
358
-619
-369
-965
-639
-846
868
481
-261
75
-383
762
-945
26
-410
176
676
-316
791
198
194
625
-766
-353
155
-30
801
425
-149
480
-524
-515
419
355
182
894
180
-811
70
197
829
-352
470
-292
58
109
-99
-124
-42
-828
-155
-374
860
-418
893
-254
581
-32
-166
5
-654
-148
946
143
982
-353
694
-428
-766
857
918
433
-585
683
982
353
839
119
-657
-674
101
-509
212
-340
924
415
-230
447
207
854
-770
454
-461
-512
9
457
-316
583
-485
-563
-202
301
834
-954
-893
-37
475
825
142
499
-112
-918
374
7
-821
885
357
-753
-444
223
48
219
-512
-712
769
-472
-214
-425
138
-697
-137
262
848
-859
-389
-40
529
988
-852
-725
998
-797
690
-815
-32
76
-653
509
922
-129
798
-337
-167
-532
997
-868
-420
-923
-217
322
-190
646
769
-320
-102
200
-782
-159
-226
522
-662
314
72
-89
-963
905
-840
100
-892
-280
-398
824
-193
-765
459
533
-868
901
-318
914
-313
-694
492
-966
413
30
-747
771
-276
-876
-4
-451
-51
-314
-97
-598
-819
-224
546
623
832
-770
361
-764
-416
-451
-173
-830
645
-327
-526
270
43
967
728
-611
-192
71
486
-409
772
-250
-458
675
128
81
-389
963
88
281
158
-179
676
-9
-194
411
100
920
-89
321
-626
-932
-460
-170
259
173
-147
-529
952
-383
967
-174
-865
-861
330
-482
-893
-126
418
-157
766
-539
958
179
-632
-829
-798
-374
71
170
-19
-938
-267
-510
614
548
-100
-750
-401
-85
151
-481
-70
-184
-266
172
-410
569
-666
-846
-691
993
995
-678
-367
865
860
-147
93
-8
-590
599
391
-440
-655
-609
910
262
-540
181
-981
748
909
690
535
153
311
-286
-589
630
995
-109
226
440
320
78
760
-440
-447
480
-77
82
-223
520
625
780
-383
-997
134
-688
233
-958
170
808
98
-167
230
531
-476
234
77
-944
-136
-72
-609
957
97
-774
-486
-956
-633
871
905
-913
117
896
199
-817
311
-807
-129
861
536
-882
-591
-344
654
-891
923
511
-953
694
124
895
483
-190
-976
495
-291
-793
-880
-250
-823
-865
134
-294
166
741
153
-1000
-986
-761
276
229
582
421
727
-715
-361
-224
989
512
-743
641
-554
-823
977
-208
-541
648
-511
464
-657
620
-507
655
374
761
856
619
-971
-669
-433
760
-740
-812
239
765
216
660
-879
-639
459
390
-534
-48
-746
-355
-285
301
898
-377
-938
941
211
-759
-8
-619
977
488
844
-395
-592
731
958
548
-924
-831
-807
573
292
-228
927
502
34
959
500
-279
-190
111
328
190
-579
789
-832
711
-11
-457
-74
170
-660
482
-48
658
-424
-370
562
89
237
439
577
524
948
-790
-379
-273
-652
-463
-528
124
669
618
841
670
328
-504
137
163
601
-534
725
-979
598
492
540
-200
-610
102
-528
-392
170
-63
-595
664
-552
933
60
-255
457
458
454
-948
-965
954
-319
-324
-82
-87
-774
331
-901
137
-107
605
185
-309
710
-73
607
-463
-888
653
-853
205
-985
131
643
-174
-583
192
-785
-130
-397
34
123
40
154
224
-739
-520
533
-676
-309
882
-653
-371
-287
-975
971
851
-659
-408
-718
83
122
-115
-754
577
-862
-873
-58
-395
197
-558
677
-161
-710
9
-471
507
883
-413
624
491
-289
-648
475
-634
-690
11
-296
25
34
-421
-920
-314
-864
-389
900
431
-644
954
950
-623
336
856
-76
743
-423
37
-981
-372
-927
-172
802
-886
-895
602
807
939
-687
973
-495
762
763
424
203
-697
908
5
-557
501
-799
-584
924
-974
136
783
366
-890
977
51
-465
-757
702
-650
-675
-113
-58
260
28
867
-996
132
-937
-101
929
350
-157
-759
74
-739
36
-331
796
421
366
-319
-937
585
-869
998
340
-855
-451
-891
-213
-337
-473
994
-157
-225
761
-910
265
-331
-337
188
921
-266
-922
-522
838
-608
1000
-746
876
-26
-137
190
-943
-908
-224
-77
-823
-289
-269
232
-669
-716
-830
302
-641
318
645
-906
66
987
-870
-183
874
-304
368
20
130
87
-175
-781
-703
34
-350
-998
933
620
767
204
147
-967
-437
-859
512
428
-37
854
267
-912
971
410
-859
-380
161
-77
-534
-902
-999
928
537
583
37
771
798
-350
-320
-247
631
-853
947
976
118
-248
-148
-516
-515
-294
114
475
251
558
50
-330
915
-644
666
-407
908
-809
448
504
-798
813
-15
830
934
59
-885
167
284
128
118
120
-316
-134
564
-647
47
291
712
489
-216
152
-272
-64
203
611
12
-852
-933
-253
-822
-729
167
214
867
498
-348
80
-309
645
685
-769
149
49
-624
691
-844
610
-703
-932
-966
105
-330
-293
108
932
-235
-406
723
-196
650
-541
-976
118
990
803
503
-121
-789
-144
417
325
-331
867
746
-249
-951
606
-379
315
-498
-437
-858
-447
354
-858
338
518
375
46
865
437
-139
-130
-381
-2
-347
90
713
-818
-614
-355
-666
130
-793
-885
841
385
-905
-255
168
714
-60
199
-275
477
-621
258
-342
406
798
-687
-65
867
-727
-932
191
-234
-908
175
917
577
-260
-748
-280
-559
-568
-512
-684
-264
-738
-272
45
-222
495
458
717
-651
633
947
796
-188
-752
839
-50
756
-487
-672
-454
-297
-763
629
526
-183
-745
825
357
-530
-5
142
-182
504
860
987
-930
-871
-956
752
-196
-553
819
-986
250
-751
442
-366
-457
940
118
829
-601
-678
-33
-376
118
533
38
-121
216
-986
880
-632
-300
-328
-64
387
173
-385
-181
938
336
492
204
-992
-271
982
-630
564
33
-179
-605
47
848
-157
-282
-982
-852
847
-675
708
-376
-520
607
491
884
213
-502
510
594
-200
549
-722
-365
152
115
1
11
430
-410
-908
463
-134
15
918
-221
-374
978
515
-807
704
709
-767
707
436
-189
-914
-891
762
408
-746
269
-374
585
497
177
-913
322
226
-205
-391
-471
-898
895
943
-724
358
863
-578
-329
-421
885
320
-714
626
-625
-678
84
-41
-165
-674
81
-202
-261
465
30
582
184
237
967
-471
-984
36
824
131
-901
53
-833
339
55
-515
925
89
-576
-874
30
99
9
-60
-375
411
831
-79
-697
-884
-489
-867
-299
414
527
860
714
854
-604
271
953
-827
201
817
-270
306
543
178
-937
184
-149
-713
-214
228
564
2
995
767
-980
-883
-230
-98
-276
180
-263
-204
655
-889
778
986
691
-240
776
134
648
130
288
524
-204
972
718
546
-818
321
864
389
352
-738
376
565
711
-709
-656
22
113
911
-925
-346
688
-283
610
635
938
-538
700
983
-110
-681
-26
321
-278
321
-331
-729
-549
508
168
981
-432
-966
-323
-691
88
732
902
-181
-138
710
774
833
157
960
-217
702
-791
589
466
-225
-813
-699
628
306
167
68
235
924
948
-148
395
-673
-800
-196
132
-723
-544
479
-25
819
-691
253
-489
-269
-691
905
164
440
-605
631
372
731
2
-471
-679
-288
238
-771
-726
146
280
-819
179
-820
-139
921
718
-382
169
214
-934
480
-138
-554
781
-681
-352
626
-777
131
-243
-396
588
247
326
520
-819
-992
-191
88
32
-593
520
263
-688
-232
-495
-223
516
309
-256
554
-555
776
790
729
-400
-627
-865
-623
-611
-360
983
869
920
857
-719
-775
505
552
-568
-358
-372
-555
-360
-130
871
420
-95
801
369
556
34
999
-862
382
589
-87
-164
946
-40
330
468
705
-541
224
618
-871
25
-129
837
838
496
120
780
743
-393
-339
-452
-205
958
-389
-949
-967
95
-738
-461
549
668
998
-879
-736
802
-551
-942
-965
431
-842
380
648
895
401
-641
644
-562
917
547
520
203
379
-350
261
-466
807
505
-257
821
-376
-919
744
-696
990
-746
277
360
-775
657
117
-862
950
615
758
155
-552
964
14
-337
-222
-303
-996
-566
-295
287
-865
60
-439
-503
4
-50
-892
391
-287
-168
197
-172
-249
827
-669
-7
-500
-107
-95
609
656
704
236
-632
-604
-749
353
-570
-835
599
-438
599
-683
967
691
-549
3
-964
-137
-687
536
517
-602
-998
-926
995
412
636
-422
692
-267
-179
-980
241
346
361
-14
-362
797
103
178
39
427
-119
91
-700
-984
230
168
905
608
32
1000
862
546
992
238
354
825
-1000
736
-196
-541
-444
-792
-963
-646
912
261
-820
-987
-223
374
-337
-151
-553
86
304
354
-400
54
-155
-780
-331
-383
-300
-475
613
965
-180
73
-728
663
-413
-747
321
-219
-891
-604
-417
-495
880
923
141
-892
-731
867
2
-419
-716
-566
-888
-156
-748
-505
925
-433
-627
795
194
550
-746
174
-609
-623
-115
-957
624
56
-586
510
368
952
62
962
-835
64
-157
879
-298
101
-241
-24
-489
43
-934
644
-449
-322
827
-505
-57
-539
-324
-279
671
484
-540
177
-328
-982
204
-450
931
-200
245
-980
912
948
214
407
695
927
-660
-165
255
653
250
-235
999
-248
266
944
-976
-74
652
411
-803
719
-805
223
874
224
544
784
919
883
428
844
624
-246
-695
-112
-586
389
-647
874
-734
-98
-935
646
-717
-451
223
199
-295
821
129
561
172
987
347
917
-19
-977
-513
136
505
-188
-252
-331
874
-297
767
231
-658
471
-831
439
177
126
-102
-281
-129
180
791
743
766
212
-484
986
59
761
46
-120
471
568
326
-789
-22
-89
-258
64
240
290
-935
474
-379
-710
-973
338
43
-578
897
407
474
375
-796
-627
529
-752
174
-639
-827
-255
-444
524
-746
-983
745
290
-469
-342
961
36
-238
956
-280
433
-557
-849
-709
-590
-688
-589
703
550
-92
-290
-504
-687
-537
16
-805
-810
-79
578
956
-366
-921
920
627
468
836
-836
843
-645
373
-712
-681
-966
467
174
667
971
-243
-2
-162
-23
-838
-74
-97
682
-840
-105
-579
758
305
-572
-42
-240
367
-729
814
464
876
-861
-64
-136
-487
-467
695
582
-147
357
891
-946
-942
725
9
23
-877
354
424
185
787
652
-114
133
459
820
-643
-694
908
180
-649
454
261
761
803
854
45
-440
-320
696
-233
-914
-253
208
259
-688
885
324
762
642
668
828
753
-505
945
-405
380
40
-870
-314
811
671
-868
-453
-9
634
987
-86
-266
509
655
626
-395
616
303
527
251
22
660
21
263
-691
922
430
-436
541
-542
174
968
687
-432
488
139
600
-480
-275
-401
-256
-246
-250
-94
-42
145
768
988
-158
466
-260
774
-793
253
791
459
187
963
-185
495
-234
4
-157
-905
-780
959
976
-705
-437
112
688
271
-372
158
833
-198
775
32
394
779
646
-672
-2
-419
-584
-854
960
422
406
-467
709
360
-318
-721
-69
-753
-919
-817
167
-25
570
141
470
128
-230
-3
-37
180
609
42
82
-690
211
65
-953
-741
711
236
315
-781
63
-384
-804
-287
-995
266
231
142
701
-671
-697
365
-40
269
-15
-58
92
-312
-539
-445
-388
977
239
314
65
909
-11
381
822
675
-131
-394
697
-705
419
171
988
31
-466
48
-930
26
108
828
-508
-759
252
403
-794
478
790
551
614
-988
337
-610
398
294
-561
-966
-475
-962
-550
575
-288
-827
137
407
461
-215
773
318
-39
144
609
789
673
-148
471
738
711
992
-206
-38
-792
-132
417
958
965
-606
-122
-916
-937
179
-192
-134
165
340
-887
-164
-564
905
715
895
843
161
-809
-61
309
172
-332
519
-562
119
757
810
-275
912
-150
-120
-695
227
-867
170
-735
557
441
-443
240
-624
988
-120
471
-672
663
-107
105
784
109
513
661
-312
771
819
-574
-919
-878
-38
-128
92
705
-310
-3
795
-951
-814
-607
924
-247
53
169
736
44
188
95
290
-988
-959
284
-970
-358
851
-665
-864
675
409
-716
756
-285
-437
260
-775
-742
893
353
232
651
-344
905
-630
415
-880
361
466
-671
-231
-559
-888
-772
-967
-801
-892
387
-654
917
-745
449
-408
-14
965
953
-303
-307
-128
196
-693
330
898
250
-870
186
2
143
-917
-181
242
-73
-445
330
-610
-497
-784
945
-55
-277
79
-342
-34
-543
456
-67
-654
561
912
-198
624
238
697
411
152
425
487
-870
24
735
734
665
671
-616
756
-53
-408
630
313
87
-670
-910
-346
-483
-238
-347
111
-211
-238
-410
577
-330
361
-458
-743
-652
139
293
593
-206
46
164
158
-687
197
830
-996
879
571
-181
64
-674
-338
920
-494
-82
180
553
712
842
741
326
-791
-266
70
212
630
-662
270
-500
964
953
-907
-228
911
109
-214
443
-223
504
286
-889
-232
597
822
-491
-254
513
420
-498
-973
-35
854
507
-461
419
-538
-133
163
404
700
575
-273
31
-834
832
-447
229
262
-985
-250
-905
-870
114
793
-948
-603
-817
615
899
-65
-640
941
345
-604
102
868
388
543
-83
-731
436
259
497
455
176
-393
20
-212
-991
-676
-432
-999
810
-227
64
-702
243
517
-851
587
382
740
650
-572
-661
687
931
-802
548
114
-132
-192
-544
-123
176
246
-760
-570
-469
-775
-193
612
-871
612
787
303
77
162
468
725
-40
-849
-402
512
525
-450
-801
-317
266
903
609
820
874
290
804
379
-962
145
-706
89
-600
-432
-817
84
130
559
6
950
477
753
192
403
666
-171
354
666
-930
527
4
841
295
-886
883
502
146
-249
166
-283
-562
782
-461
-155
-479
909
582
831
943
-232
924
290
966
407
209
395
170
-282
52
681
319
299
470
-688
45
-555
93
793
137
-215
-203
960
849
-686
-846
-881
485
260
-620
-736
379
335
357
577
-551
-997
-710
-53
463
-27
-732
-670
-584
-676
-135
-287
-25
596
677
836
-139
-883
778
585
-878
917
-72
416
-725
-674
809
295
-373
605
671
117
-296
449
488
162
-88
530
-580
109
748
353
-623
-148
36
-71
-907
707
504
728
-568
-843
-474
-804
912
982
442
-166
-530
-908
266
331
-586
-68
-348
-330
57
-41
-380
752
775
-196
656
-749
483
570
-531
-652
45
795
-272
-395
675
28
536
808
-913
-212
-626
-402
296
598
-411
-754
-932
-638
279
-592
999
451
622
-935
-453
99
926
417
803
678
-431
-392
458
-494
-844
287
907
842
404
161
764
-919
70
82
129
-857
785
643
167
386
-296
-24
939
11
949
309
170
-587
-364
125
968
670
868
-493
-258
208
672
355
-949
-601
281
405
673
9
734
722
-82
-62
633
134
773
378
-606
473
929
798
602
-98
692
425
452
131
-942
-456
537
-470
586
523
563
-128
580
-29
-554
315
-691
152
542
215
935
-993
971
102
-887
-98
597
-353
431
-402
683
-688
-100
334
1000
-34
-667
566
-970
-135
729
412
821
675
-75
-206
-638
243
-544
-452
206
862
-972
-194
-387
-455
-360
142
993
-923
-745
161
-115
-95
395
-644
428
-113
323
683
-783
652
799
-940
730
672
-447
-987
878
-216
-111
516
747
-457
736
290
386
903
-160
965
-297
397
301
-169
-90
-687
-703
-43
36
-706
842
725
4
-488
274
39
198
-593
-802
-421
-455
-284
-313
222
807
-438
-115
-275
619
269
535
343
889
-77
-654
-31
-738
-314
-942
950
-93
513
-777
-967
116
764
625
743
-384
-780
567
-774
782
291
37
147
178
-887
-107
-570
184
-964
27
251
-292
-990
328
666
484
-821
314
709
-556
855
-44
665
405
-808
-751
-540
-81
744
-837
343
516
890
-756
-489
-136
749
-4
138
982
-91
755
280
-905
-851
-273
308
-394
-718
275
854
-420
-272
185
-40
-522
-917
-310
-268
-784
259
-353
-412
-271
451
52
-159
-282
833
-774
-430
-859
679
-916
-975
-595
948
102
518
569
623
-319
-337
-614
349
-426
-747
-830
-890
728
166
-320
156
-873
-881
755
752
615
320
-681
643
395
-861
9
-133
-190
754
802
-36
865
330
923
968
630
-691
-304
62
-649
823
-316
743
410
-218
-776
609
-313
195
964
-321
-153
-231
-77
-157
83
919
117
-814
843
-891
-166
150
-47
-457
59
756
-482
493
909
483
-995
872
-591
90
171
-581
599
635
522
-119
995
855
727
862
248
690
-710
-563
955
-437
109
-950
1
-441
-803
507
776
382
755
-625
-559
-450
215
249
445
590
-162
602
845
511
726
-549
977
-232
663
-604
-58
907
180
-983
631
554
-33
-375
143
36
541
258
-1
-726
201
-89
-485
261
-420
-126
969
874
229
553
-156
927
318
183
110
101
-575
-413
571
322
-271
-662
-817
974
234
-827
301
-799
-790
-491
583
-953
389
-776
-419
745
-674
-97
41
507
795
-596
447
-63
591
694
-480
-195
-941
329
994
-557
-13
-688
544
-483
-899
-288
-212
-438
215
918
289
282
291
-496
576
-957
401
-342
-281
810
-856
535
-222
-869
934
-186
-367
870
111
-879
-323
408
508
-157
471
-884
916
-735
942
-256
538
51
645
-604
-574
-853
9
-647
-830
521
-363
-764
835
-748
681
826
556
638
-604
-492
-912
416
-838
39
116
554
511
-269
-225
339
311
-596
-470
638
347
254
-334
-309
-541
401
-180
-560
-713
-460
105
189
-888
-370
309
-983
838
51
-579
-970
-232
168
789
-57
-151
-81
-463
-241
-196
-272
-35
483
-455
-36
-880
-938
-800
-861
74
-384
-48
-249
-501
-697
890
-227
678
-533
-734
-126
-739
553
-479
-639
988
846
-559
647
-381
-507
-74
-283
993
104
71
32
441
-484
-631
642
-316
681
389
-330
-384
-853
-798
864
572
-803
378
-130
526
-199
-138
182
-117
-158
428
-994
-866
486
-259
-714
617
-916
-353
192
-133
923
-281
154
722
17
656
-990
-851
-924
825
-538
-898
-466
449
914
211
565
487
-211
-777
641
524
-332
-173
970
418
264
380
632
-795
-471
-559
-891
-213
-777
54
-670
693
609
191
-258
-167
-342
-215
-889
-880
210
-319
-512
7
612
356
718
-200
464
375
109
-831
636
326
521
-628
-320
272
-306
229
370
-394
17
985
-656
-279
-793
115
-729
330
-801
-686
-702
-124
-676
410
805
-243
-143
-127
462
601
596
594
-762
135
-477
543
-654
346
-780
-252
587
817
-483
-118
587
354
370
311
401
686
349
46
132
-121
602
-607
854
951
358
649
990
-792
670
559
71
-53
2
104
-391
716
701
-741
-618
619
769
-654
717
82
108
376
332
120
-652
975
127
463
999
825
689
12
403
-297
951
208
573
839
-526
-574
-162
565
-142
248
-308
758
-877
410
882
491
266
147
-987
654
775
707
347
-808
436
686
-921
903
429
478
-285
534
-462
313
-244
864
-108
181
771
-603
-510
896
230
-877
-875
136
132
-23
958
-310
68
-50
232
465
44
-122
695
-636
-499
842
-824
575
-356
952
-888
-793
547
-455
-533
60
86
-458
-206
-379
-207
-763
-440
362
-639
320
950
-192
774
773
-372
816
964
925
-395
411
654
215
885
-267
-428
314
-646
-591
-115
-259
-892
-22
449
-401
-949
-213
728
848
825
-892
469
-630
869
-140
-454
131
621
-382
746
782
-773
-705
136
-457
699
531
0
-205
-281
556
172
-224
-458
963
-575
-331
-645
808
-11
-134
-109
-809
787
-450
-206
-271
-183
-226
-924
878
-99
-745
-778
-882
-287
51
68
-544
887
144
811
-672
722
669
-771
-54
658
848
22
328
-455
-996
729
715
712
453
672
894
667
-500
-237
703
659
-457
-334
941
-824
-719
827
844
388
196
-112
417
244
-518
-470
-375
-601
982
-842
165
699
-215
515
375
195
-583
421
337
267
-38
-180
-142
626
134
-420
952
411
416
-790
-963
-425
27
-957
-661
256
-604
761
608
-656
714
686
-885
-138
-899
-232
-13
772
93
99
433
-229
-539
577
264
320
-968
-82
-597
-366
-951
545
521
-405
701
882
841
-425
-969
-632
-51
-291
886
499
161
932
-929
-996
465
-997
711
-316
-55
-846
232
890
-858
-315
714
55
-997
848
400
129
14
627
871
347
474
0
-824
730
-542
546
-445
479
86
15
-729
757
6
467
-366
187
395
307
291
144
-935
724
-765
813
794
871
249
435
197
40
264
-223
571
-831
-691
-456
226
-3
-699
-159
-992
-161
93
-439
-273
-708
961
17
-367
-481
-209
-14
-392
987
625
595
-290
-101
197
-451
517
-246
99
-64
403
519
-916
-266
675
-144
57
-876
342
109
902
-370
-712
836
-135
253
-585
229
-170
921
498
-559
420
919
40
-757
-107
-605
-64
146
880
-916
341
363
-364
-788
-275
710
757
905
1000
284
488
-231
5
441
-98
-582
-61
-516
540
-467
414
-814
626
-273
294
-877
-386
97
294
-819
16
258
-638
-516
-509
-956
743
-586
372
-323
746
216
33
-863
-414
606
-498
-369
-310
712
-600
-734
-346
-408
-621
237
-52
-795
511
960
71
138
485
-723
-897
-284
-262
-167
198
477
532
266
-246
906
-578
574
-265
-293
-300
-730
432
-130
957
812
161
-944
-743
146
867
-692
599
-602
-244
-307
193
-1
-414
348
-52
372
847
-253
-98
782
859
973
715
-416
651
-597
-947
731
-595
-41
737
732
871
347
953
175
328
-804
231
715
223
521
87
922
-673
644
479
265
912
-600
515
427
-494
76
71
-320
-813
28
-188
-81
-570
251
92
879
293
-570
385
818
-563
862
-734
-225
-596
-707
-26
115
-84
-546
738
966
-175
-741
-637
50
921
180
-289
-3
406
842
-383
574
-927
-640
-238
-980
890
-807
705
-85
448
104
-763
-976
-600
466
-53
-741
-210
-832
788
879
554
-341
39
925
824
-904
-646
-954
973
457
-317
-168
587
489
79
-22
-249
549
925
-638
-41
-230
786
36
-486
-805
-46
269
-392
-874
-596
-735
934
469
438
-687
312
-469
-315
225
-948
583
-416
350
-784
429
469
-609
938
633
137
743
107
332
594
-779
-307
757
-65
454
831
386
136
-139
-194
-490
678
866
-781
490
-989
6
606
-321
-269
-924
177
-143
899
-482
-502
-314
-974
833
-318
566
149
634
630
151
421
62
-775
657
-624
49
550
-222
-11
-544
-968
-173
520
-932
-748
654
-740
-892
-396
959
247
-579
-557
570
217
198
886
-238
716
321
-730
257
164
241
-739
-668
-292
-498
-89
-658
674
-326
-860
-896
-639
-426
-476
-695
-158
-196
28
-389
-45
935
-180
115
-365
-744
-140
417
828
549
863
489
-593
760
246
622
-990
434
-853
113
597
-56
353
134
-217
-500
439
-678
-669
636
263
337
7
333
-485
-839
108
-227
757
-950
-319
817
-4
620
544
-473
-310
-795
-484
360
-990
-203
-283
21
-32
-604
-333
-515
588
-267
2
-785
-390
85
-120
685
-363
593
314
-375
54
-568
-322
563
-113
962
-261
799
576
-647
556
846
-428
141
294
259
-829
573
214
846
451
585
602
649
-42
-676
-474
-622
-336
-646
-47
254
-819
247
733
-340
722
-25
445
-761
231
-286
-32
-641
711
614
954
-507
-450
-590
-904
-503
-394
-386
-982
-13
818
606
401
-286
177
935
893
620
326
-639
-968
-451
700
264
135
127
500
425
285
-502
612
24
456
736
187
-438
-79
700
819
736
348
-941
509
-120
-246
655
992
948
635
507
319
12
463
430
983
890
-391
-248
-499
-898
-140
-516
-592
-22
-585
-144
971
461
393
-24
-224
-158
-89
-705
125
-63
364
-208
-156
914
994
-709
-173
675
-348
383
714
581
376
344
855
79
-186
329
-493
122
-190
532
-844
-116
-852
-401
-688
17
-316
-192
-727
429
220
-584
-303
-871
820
842
-565
401
-752
584
155
-472
783
-163
899
54
-938
-167
909
525
-321
-296
-291
620
811
-323
553
229
182
-367
-417
158
-276
-919
296
-355
-833
831
169
-911
907
514
5
-971
167
-488
696
780
724
539
-397
263
288
743
588
16
-384
-281
914
-409
-543
651
500
790
-608
-478
143
665
943
116
-927
200
-456
-688
41
-138
-829
601
-9
407
-707
-387
167
-375
47
369
586
-495
802
-900
-354
-30
724
684
639
-58
827
98
-187
-725
541
447
944
-234
-19
488
-993
-714
-613
379
-599
276
-578
338
186
794
709
-207
-845
816
978
-481
-708
61
-765
-465
480
-94
-147
740
-881
-524
588
118
338
-209
363
-740
474
-830
570
880
-610
684
698
-34
-405
147
-74
-209
-328
-758
-995
-268
494
-613
-235
-483
822
257
479
135
-659
-338
-511
-481
826
390
518
709
918
701
964
-179
416
-940
-939
971
959
-941
160
408
423
573
-817
-88
-335
-464
-374
178
-45
-707
156
158
338
990
60
510
577
-981
-935
920
-179
-91
2
-93
-957
-326
744
-814
967
7
494
-324
-188
-532
-564
-637
-243
102
-74
710
-736
-760
-966
-440
532
-899
123
60
243
511
-234
399
238
496
85
-591
18
465
17
-904
-556
-357
838
-128
256
438
558
-490
-240
-711
355
42
642
317
268
389
-57
26
-3
79
763
-656
161
-215
764
-568
718
555
-224
728
-941
235
-897
-830
-119
26
813
-414
-463
748
338
366
-383
-314
688
991
-320
943
573
-974
986
-397
-498
355
-326
684
-1000
-829
-976
-2
-175
-356
-315
351
911
-955
-890
-248
300
-300
910
-663
748
-597
18
326
650
-273
8
-334
850
-694
170
-358
-816
40
-753
-442
840
-105
-549
-786
-94
768
-743
-388
676
441
488
331
716
-915
317
-399
-999
-457
70
-323
-405
849
-926
434
-121
-450
264
927
854
429
-906
-839
648
280
-943
-590
435
-810
-355
177
-190
874
-537
-870
-445
830
-796
-695
-957
-156
367
-321
63
327
-376
252
-810
-340
825
709
42
913
-218
787
470
-805
11
-21
-750
581
924
214
556
737
-913
-951
687
198
-396
-94
-4
-409
608
-622
645
973
-173
20
-897
-749
708
794
-513
250
-363
476
-425
-732
575
863
-774
622
7
-14
733
113
425
762
113
-369
-630
-163
-491
-311
-813
-830
388
-441
-353
119
771
-540
469
-54
698
676
-38
-365
890
502
-804
-944
-72
-857
1000
115
832
7
-450
-679