861
277
165
98
391
725
325
676
681
211
882
500
583
567
293
846
856
625
299
476
383
6
263
786
744
244
650
466
587
850
585
61
312
994
381
11
63
364
25
999
410
460
564
966
860
857
654
552
110
612
758
891
463
62
172
935
515
919
256
549
939
432
546
166
265
431
844
30
455
159
109
587
339
720
252
760
194
390
564
263
669
186
81
384
221
138
552
953
88
70
349
159
395
524
341
875
510
49
355
810
200
105
321
548
215
208
759
245
2
697
506
464
753
638
65
491
845
814
158
689
533
979
340
612
873
711
859
730
945
632
831
261
559
566
948
227
436
606
346
693
694
738
460
835
649
31
511
179
800
552
874
807
531
36
162
731
139
84
518
275
832
462
464
728
890
649
227
563
499
264
640
909
147
93
604
165
875
133
666
912
711
851
56
407
535
405
795
173
518
90
999
510
67
16
125
919
854
232
560
163
960
191
432
445
141
930
562
836
130
662
170
976
194
528
853
865
627
794
37
779
267
56
341
815
917
984
89
92
908
911
472
287
126
927
481
772
392
246
784
240
70
421
374
100
264
803
351
248
909
797
579
628
869
531
576
193
337
12
299
588
821
533
829
595
47
130
830
560
122
928
80
93
587
918
202
244
581
724
85
544
321
7
717
77
35
907
615
314
884
972
124
304
575
765
976
505
101
683
899
563
440
930
370
552
245
673
724
505
128
695
976
610
427
480
370
474
361
442
611
190
33
50
936
250
417
924
683
454
136
748
178
650
588
450
189
914
899
348
588
842
180
62
778
545
710
352
518
750
1000
89
56
596
581
48
18
987
911
797
519
415
40
836
791
442
20
262
370
839
112
695
926
41
174
345
813
158
696
597
58
273
395
186
593
781
552
896
120
991
77
822
229
982
49
823
861
867
20
948
148
345
319
150
958
738
996
558
792
286
439
958
331
265
36
753
412
106
879
844
73
336
255
892
217
336
392
769
952
271
148
591
744
232
726
875
80
989
312
63
138
421
420
485
766
475
177
912
917
602
944
677
489
624
204
868
730
85
295
164
482
900
535
195
773
7
933
549
935
269
557
163
420
347
971
358
616
802
815
202
137
22
450
162
603
756
71
128
410
673
345
918
396
332
436
455
128
278
363
910
592
353
543
982
674
694
419
844
104
195
30
671
557
575
173
540
461
680
947
602
872
160
168
111
768
412
209
726
779
544
268
415
247
41
700
254
182
859
248
851
462
989
289
598
837
535
729
333
943
533
787
704
671
893
774
403
727
515
717
783
115
961
14
594
200
298
776
919
648
453
646
390
397
142
995
322
955
176
219
351
386
920
258
537
787
214
776
335
953
239
736
198
439
805
703
991
852
527
977
211
396
732
421
435
592
866
971
429
259
759
862
544
844
716
166
955
510
364
44
978
455
806
311
73
731
517
674
568
687
739
956
313
449
213
940
769
16
92
358
521
810
410
106
404
741
127
200
781
299
535
758
936
407
615
89
103
221
424
169
633
113
515
442
59
216
593
373
138
580
141
670
372
569
697
745
227
291
227
612
691
916
480
983
970
872
949
196
721
328
766
323
188
553
19
712
544
279
121
980
695
94
931
431
876
933
77
37
404
586
485
966
875
452
38
293
38
766
78
61
667
129
974
543
370
982
477
811
740
158
4
461
144
800
932
507
227
26
451
993
780
776
915
190
841
380
206
121
753
574
824
673
22
447
608
788
383
983
490
612
281
67
228
720
70
238
119
595
321
310
68
927
812
408
26
815
709
581
426
650
268
517
738
402
926
45
62
893
220
85
60
422
746
402
789
30
153
491
549
328
808
832
971
441
368
676
988
708
995
936
784
59
414
653
440
635
477
959
117
826
766
975
139
190
14
403
926
730
259
636
781
676
746
325
677
705
770
582
307
834
648
523
353
119
484
777
812
261
463
159
707
126
484
838
607
632
904
601
424
534
531
280
503
940
726
224
82
941
677
412
895
672
314
438
293
692
355
743
708
779
610
860
519
161
628
345
247
78
176
811
226
960
360
727
885
460
98
202
323
713
107
316
417
4
489
756
462
21
524
462
29
943
473
977
947
478
898
116
573
708
786
176
109
765
310
181
26
224
27
578
644
469
873
391
515
517
262
421
31
831
964
420
722
358
13
515
95
899
294
983
839
419
2
821
682
395
73
249
115
687
594
77
710
708
618
342
987
53
224
425
456
661
429
522
842
585
958
394
471
905
826
768
284
221
970
1000
13
256
134
585
964
442
328
524
649
99
606
66
894
380
43
805
983