15214

-779
-668
-288
-13
-572
961
784
575
-471
444
-197
-148
-822
-619
957
-492
217
688
-192
587
31
872
788
-497
990
-490
-920
749
-239
-681
868
-187
-408
-619
-591
99
-755
358
811
-343
-277
327
618
-780
-923
85
-158
101
-659
309
-842
320
-45
-974
-649
652
687
586
308
-628
631
-712
-979
445
-103
-653
-624
591
748
-937
31
-924
-689
844
85
306
-560
462
941
948
-666
-365
-134
873
896
988
-395
-245
-445
-425
53
-498
278
549
-304
770
-733
102
-700
944
-310
-63
-392
835
542
673
-736
250
-376
-540
-333
-425
-877
134
377
457
431
792
194
-10
-918
57
-809
162
-898
353
-492
-189
365
411
-978
-59
-667
-677
186
585
405
667
-46
-438
-106
-207
-432
-892
118
462
518
868
-472
586
-552
-823
-81
129
944
-579
157
-919
-996
114
-791
483
483
461
-641
137
-529
-169
-601
-793
-372
602
618
563
-593
-721
-618
-134
-519
-826
-115
-964
-680
-768
-919
361
-124
-505
630
360
-656
57
699
-177
742
40
329
-945
-831
-346
196
-70
-836
-836
-689
-974
746
275
-549
971
2
-495
13
564
900
-470
25
463
-176
967
600
-246
243
132
807
77
919
-327
-172
-48
-587
-125
-66
-587
816
602
485
578
-705
-521
98
-549
574
-796
107
808
-190
401
-317
528
-356
787
-38
-460
-348
-402
998
757
590
-72
994
-535
-813
606
-4
-72
348
-215
-84
-933
864
488
-411
-479
-771
-711
668
651
-873
-21
-446
760
905
264
-583
-618
129
134
-247
-659
-45
-787
900
-487
-588
406
533
-586
-223
424
926
326
578
-787
-579
471
-877
731
-838
997
240
724
-48
-653
735
572
289
-202
498
102
474
-369
-882
591
512
-516
368
780
-443
936
71
-112
381
450
744
508
6
101
-563
-340
577
-566
-62
-304
437
888
-327
-9
93
-898
51
379
205
-488
-347
588
-196
472
-162
-937
-980
-376
-240
959
-174
464
-530
-948
-992
-613
-698
732
-406
659
94
972
494
-147
6
-204
-448
529
-36
-680
-723
-569
891
704
543
-115
373
605
153
-286
668
-53
-884
-418
-217
-55
131
905
-853
279
-408
-680
55
-292
-586
-906
226
689
218
760
-575
-278
-728
231
-107
291
626
635
352
543
-430
-641
-752
445
810
-562
475
78
228
256
-460
-979
404
668
617
128
632
-103
-351
-625
488
836
-960
-440
795
384
-673
211
-350
-218
-511
-288
147
925
-717
442
502
-939
770
-423
-208
-29
514
809
464
-173
852
-809
-123
239
-620
833
-307
4
962
-162
-100
415
912
-610
514
209
362
100
484
-449
145
609
-97
130
512
-7
-478
925
546
-545
-490
-603
-480
550
556
-512
-205
208
-833
-169
530
983
-469
-476
181
-995
424
-403
-506
-366
602
525
778
-124
-456
572
967
555
-200
-35
-369
-281
-548
305
962
-820
732
-838
-787
-672
-451
-470
-254
43
918
-109
285
906
189
170
-375
387
-936
829
588
904
558
512
131
-609
960
-712
-197
886
880
-947
652
11
569
17
666
768
592
366
730
-440
-680
-296
-897
-244
781
428
-593
-457
885
-383
289
-508
317
-125
-345
-214
-743
905
415
430
-788
-161
813
143
-575
-574
-291
1000
-531
-826
426
-953
-383
-139
-837
-45
-517
-898
324
-899
526
-439
-225
122
663
-254
-598
-752
-201
-798
-460
-802
323
498
-524
564
575
840
293
-651
-429
32
544
700
537
-881
-27
310
240
-378
-803
973
-460
-919
-728
-517
-1000
-568
290
-785
-442
-750
160
-624
167
31
-319
-409
428
-297
63
-346
-903
-856
58
-171
280
75
-344
530
952
257
639
501
169
-287
988
-128
-268
-289
-346
425
522
-652
57
-682
-582
-115
-510
796
575
-150
-687
-59
-759
788
479
-868
-229
261
905
-912
-776
205
170
-752
-954
746
-47
-615
959
-389
50
596
-621
-801
-981
-475
-262
-840
-653
-116
-657
243
617
-661
931
-274
-319
79
-332
-732
-631
-489
761
-429
-703
345
541
927
632
478
-818
-71
278
-283
-682
-417
972
431
-252
-543
-360
-534
-427
351
-875
-856
-875
-352
-18
885
117
928
-331
-215
-308
-709
-301
-770
-12
973
522
273
418
1
-202
-136
310
-993
-193
-603
46
-29
-850
6
-834
-611
485
624
-368
735
260
-688
-886
39
921
210
-456
-788
-634
-781
756
-361
-243
370
-631
-749
-168
-230
505
-151
-385
575
-668
116
-906
-859
-301
945
-944
-275
824
-285
-793
-476
424
0
-325
641
384
-150
-263
-488
-243
898
617
-567
-43
-84
793
376
382
-207
-389
671
-780
-228
331
618
166
-737
-416
-233
488
763
-562
-152
-296
695
-489
-638
410
237
-322
-665
192
-59
-186
-875
-502
304
779
-916
436
832
-423
-35
774
-536
-929
-736
98
510
-542
752
163
57
726
376
450
153
391
334
-858
516
-589
623
-752
141
272
-890
-927
-628
-647
383
793
-121
-168
-661
-616
381
475
-431
-669
-952
-729
771
-222
113
845
409
233
182
1
-564
150
982
481
-980
136
-473
-697
-855
-253
874
-163
553
-10
423
-649
-258
120
56
289
-768
-938
-827
-296
596
-240
226
615
486
-726
-685
371
466
78
-435
-724
11
551
-829
-775
-269
-100
-292
-722
-540
-579
-488
5
-586
-863
-780
943
472
-799
220
762
-678
-910
399
242
-428
44
113
-356
-182
890
-339
-181
482
689
-668
576
-515
708
145
823
-924
176
-818
-126
929
-265
213
-55
336
259
913
-446
-711
-273
754
-492
410
741
-697
202
-327
-692
545
-516
63
-396
375
776
-633
-296
-910
905
924
-117
-110
140
813
794
-397
763
-308
-923
831
456
237
-966
-525
20
-348
108
-178
-942
463
959
149
-812
146
321
791
-922
424
15
424
181
468
-733
147
-719
-297
145
-198
869
72
-183
-250
-758
-70
686
190
550
-483
390
71
-733
-659
-751
-264
-715
-68
-958
560
507
-634
-995
62
426
-718
85
159
-845
297
629
282
-744
-584
461
831
-755
634
-230
816
-926
-576
797
-358
715
-971
-732
251
-955
-673
-78
-837
-984
-180
-441
144
-774
-777
446
592
212
-86
-374
-640
379
530
396
-531
-345
134
858
71
157
957
740
-478
770
-709
-375
-557
-816
-327
-529
97
828
260
372
-555
372
234
838
396
-414
977
-520
-513
534
148
-81
668
-493
-914
-408
-540
-525
242
-17
879
-60
-800
549
405
-876
950
-932
680
568
-24
-465
-876
672
640
53
-847
903
596
-376
441
194
232
-880
-978
403
197
-616
307
58
131
-911
-476
-853
937
-428
-741
532
712
727
-522
-188
680
-430
9
-97
728
-358
-202
541
-478
836
-355
237
463
702
361
-718
-42
554
-946
-240
-651
-710
-658
-96
-482
225
330
-614
492
-534
156
197
492
448
-502
-637
-29
-910
620
734
32
165
-320
237
915
-851
-978
911
-852
465
70
-147
518
-25
-627
557
-816
-109
912
-199
-649
-541
820
-399
935
-982
414
-461
247
577
-862
471
257
398
707
732
665
398
-273
-934
-24
862
-315
446
836
-30
575
-434
-2
186
-352
-315
-295
723
364
-836
80
458
632
905
-371
-292
11
911
-57
-997
-41
292
-137
-901
-715
-541
-305
-825
-444
-368
343
-491
-200
728
275
-707
-188
118
-459
661
93
535
-295
298
-691
-225
-430
966
370
-512
102
617
488
80
869
-518
-823
224
-962
104
-709
-119
-959
499
487
676
923
30
-498
288
-583
957
18
10
-303
97
-332
-667
-578
-456
-351
-335
779
580
-399
422
-576
890
308
-117
49
102
718
-206
318
-278
-602
-617
537
744
-928
937
873
-506
621
-96
963
-102
535
552
211
-850
-176
-186
-660
-484
-29
-662
-507
754
-187
131
-917
-921
-518
-322
486
97
-761
934
-893
612
889
567
520
222
213
-493
-668
-266
-325
-450
-635
-215
118
-524
914
391
-708
-329
7
426
-652
-260
-33
-990
938
23
812
-615
-101
366
35
61
-508
136
-429
327
-981
99
159
-901
-444
-519
-80
-139
-810
-448
-870
915
-158
8
-567
-133
-767
-607
468
-305
-398
-154
-939
310
-415
989
308
333
-371
500
-644
-828
-947
425
398
-607
-11
493
54
707
-386
-821
-691
-947
948
142
-851
-591
872
792
312
-634
-248
255
857
-589
437
426
457
-342
-708
-552
-442
772
-269
538
660
633
440
-462
59
-267
565
-210
704
-793
-163
-427
372
178
53
-688
-526
823
-633
-880
-3
65
-732
-587
327
300
-523
419
-883
18
90
-600
472
-571
-382
-415
-719
-316
-868
862
-947
-769
992
-842
23
-3
875
195
-582
800
544
70
648
753
891
450
367
228
543
812
671
-218
-153
-147
-125
991
-174
-267
206
293
429
-153
6
-60
819
371
-105
360
791
-39
-365
265
955
633
-858
460
879
350
414
-296
309
183
826
525
976
-526
-932
-852
817
201
-75
-57
-317
930
697
757
981
401
-423
-589
277
547
-354
-697
163
745
-433
-551
-3
467
247
-450
416
-551
-231
-89
-909
-998
-909
989
575
-594
116
506
73
-278
868
-445
124
-207
629
-668
-325
-645
995
74
718
-67
-937
-290
931
824
141
656
499
725
675
-962
-558
-836
567
-614
686
-115
-97
855
-649
-167
-287
-890
234
28
762
559
643
-607
-485
-858
-129
32
397
-537
225
691
-269
135
828
160
800
-159
808
997
978
682
491
702
-273
-677
-622
-984
-251
-124
-23
-857
897
170
-8
-462
-56
326
272
-343
85
-667
-542
698
203
535
-547
-9
400
-982
-36
-654
641
307
-745
-556
-644
-521
159
-309
745
-964
-926
132
306
654
-167
201
-622
460
288
859
658
-183
-236
799
164
389
-521
-282
-775
-41
62
-791
-225
-286
182
-204
-509
219
-451
-716
-214
464
114
-290
-760
449
-271
-124
458
45
88
-158
681
-858
934
-238
655
-212
-331
534
-961
-15
-210
207
258
830
-876
506
123
-360
-517
-164
-956
-775
35
-852
993
-143
728
100
835
967
519
-91
981
870
259
526
-250
932
-554
108
168
-779
844
991
-602
164
-593
835
-804
349
872
797
-787
-215
-501
-223
-309
483
-462
-743
411
-694
-834
-949
-921
276
307
636
811
-230
-669
123
-920
-147
795
693
407
-853
226
240
-907
727
468
-211
281
739
-993
125
-127
916
-569
-874
418
740
-212
-492
-86
-433
-304
-625
517
465
-185
264
362
181
604
351
687
706
740
260
160
3
758
102
114
573
450
967
957
664
-743
296
793
246
796
-876
986
-357
765
852
-399
-706
-682
452
-709
668
505
24
-40
-27
-927
550
163
-713
930
-584
-464
546
813
204
-800
248
-94
563
990
-690
873
826
533
-932
860
-229
212
-519
549
-165
-732
-979
973
534
-998
-49
-746
-995
435
290
-108
-985
-665
-854
93
-933
779
192
237
514
361
-359
-406
-862
869
520
126
-911
24
436
618
926
-36
-500
485
-100
421
486
86
226
-615
675
129
-416
-458
555
-787
-286
536
-67
194
-723
-647
-424
561
489
426
389
-320
-885
846
942
771
-941
515
-905
850
633
-215
866
-76
162
-866
-381
425
-14
294
130
-583
-857
485
104
149
245
287
301
903
329
-891
983
-47
880
-495
-270
-895
-362
12
327
-715
-157
-61
-279
-89
209
-991
-764
633
567
514
-211
-962
756
342
-686
812
-890
-664
-100
-778
21
449
-386
-78
6
777
-263
313
-309
-479
-694
698
-448
324
-750
1
471
975
-134
212
-384
-541
445
307
186
-478
-118
-674
-463
-176
907
399
166
456
-193
-228
324
-194
-533
953
-746
-734
-647
989
53
-980
796
689
-91
683
228
-949
-654
354
-17
417
155
446
302
482
-968
986
418
-908
717
498
-166
-570
102
1
-576
144
-607
-287
636
-973
122
-421
347
-884
-414
-326
-447
744
-363
-834
-936
-986
10
-899
816
-579
-576
769
-779
670
443
-385
-872
-728
733
-423
-340
404
-539
250
-360
271
-569
476
169
-139
-526
116
-662
669
593
266
-794
571
739
50
911
296
-930
-558
-998
-647
-685
922
-701
-481
-374
-997
-175
-993
-852
-8
-399
559
-435
552
-388
579
237
-373
-956
546
505
321
729
670
-149
-255
731
787
785
101
-21
892
-72
470
-374
-345
646
823
867
998
-180
597
-232
-130
314
-235
385
678
709
-487
-98
-170
899
-316
165
904
686
-923
-41
-460
337
978
-442
-48
893
415
-270
-97
746
-838
-110
523
-344
-663
88
-119
585
943
-974
78
-18
-705
499
87
962
-439
-646
230
348
-274
-540
746
-289
507
-489
654
-3
-416
802
-183
955
-797
-567
-746
-174
-69
517
-174
-728
-33
-729
889
-965
957
93
-838
83
110
303
-126
-711
989
-289
-176
205
-825
-912
-546
-69
811
348
873
-675
708
-690
755
471
329
-91
-351
-166
940
9
631
-525
79
4
-152
301
-499
185
-792
-560
295
41
731
962
-907
-594
-940
-520
120
137
81
-751
-312
-644
676
8
727
-376
354
607
988
-24
-211
656
-312
-108
596
-45
-811
146
373
690
733
390
-319
-204
-561
145
446
-674
-573
26
850
-426
-845
-39
60
-881
78
707
260
-902
-957
-455
-214
508
-513
-289
194
-970
111
-471
962
-665
317
-112
-748
-670
-765
-753
-937
-812
283
676
-498
611
-696
878
-763
-430
-303
405
632
446
711
770
187
-403
787
-134
574
-231
-198
228
-527
-845
722
506
-796
-212
25
-447
882
68
-580
-524
-30
343
-806
-517
80
-664
-3
105
651
416
-794
711
-742
712
36
-154
-282
-77
-307
873
523
-501
-406
-833
-578
274
231
333
-13
-456
27
-700
875
349
681
-275
-762
-419
-622
727
-222
-264
-931
693
-3
938
-197
404
967
-563
-584
888
773
387
646
646
202
-448
-752
385
289
-459
848
855
580
909
18
-834
-915
401
379
-198
-849
-808
312
807
209
10
-339
-500
-68
-758
-240
-739
-766
-20
-276
-783
-699
-706
568
753
779
-337
-806
-254
58
520
32
616
-781
-671
-317
-106
-551
-180
-440
-75
-57
945
189
-334
-144
-471
781
-966
933
171
221
-204
210
-774
30
141
891
-371
-489
882
-388
-572
-622
-980
-459
253
-1000
-122
-543
112
-338
585
-878
-744
963
914
590
36
-607
-700
375
-131
-939
780
-812
-391
626
-723
596
-390
-89
846
-337
145
-152
-661
404
-977
131
693
-54
-510
-140
-194
-805
-348
207
-638
212
998
78
-130
-385
-246
-654
51
406
603
-909
513
-354
604
357
313
827
-895
-828
564
-158
-494
714
-540
-338
587
-367
-314
-354
756
805
782
-410
634
241
-186
-484
-881
486
872
578
402
92
115
-968
-946
613
-389
-594
416
77
-202
598
452
516
-416
-986
362
-709
596
313
-545
-806
135
630
28
-77
-255
-226
-595
-554
-891
-303
277
740
-766
160
388
848
291
-626
83
510
674
423
-391
-735
-294
-485
-451
-742
446
106
546
931
-712
22
924
602
798
-11
769
839
-797
-226
-405
366
380
-782
-207
-667
-559
512
-421
244
-223
788
167
497
-309
-947
341
899
-334
-269
-236
-718
-199
-156
-542
-874
710
886
-510
895
31
474
94
-666
-103
538
758
723
142
-867
446
-495
678
-41
-771
329
-510
-406
-134
-161
147
892
-603
691
-216
-846
186
-876
-756
-935
-795
37
-51
-718
-435
-561
584
397
-557
892
-320
28
484
-354
-976
-865
631
29
-547
159
-559
856
512
356
882
752
-896
-421
-322
463
-605
-275
-794
-268
-772
-619
985
451
-274
-156
748
917
-628
-273
-455
-843
-598
168
-424
270
-531
-739
-634
-704
-12
-719
-722
198
-222
-272
-126
-932
-650
-51
861
258
-464
-561
140
-914
-450
-747
-955
-964
764
-439
972
-870
-455
-115
349
-151
-220
-256
-24
-80
606
-210
346
154
163
810
-467
359
-504
-406
152
615
-303
988
-613
381
-432
-917
-956
-15
287
675
172
-853
-618
-801
407
195
748
860
346
-306
333
-401
403
235
353
-564
-814
-592
163
664
463
-931
-246
-816
409
709
-943
-152
781
-861
255
941
-379
317
859
458
402
686
309
306
-254
449
25
-960
809
573
938
37
-171
550
912
-594
455
-560
-370
-994
-570
-757
147
445
-189
448
768
80
-104
-636
591
-183
-480
493
-430
687
811
716
274
-861
-812
419
-409
-54
543
-435
899
-183
-662
203
281
-27
-935
-131
-721
-784
-228
420
551
573
388
-469
539
-725
20
537
-393
897
-649
-603
928
-70
-780
989
415
124
199
-926
-168
731
-714
850
-530
698
899
-497
740
-131
868
6
-389
-25
532
-410
-517
905
-998
112
-272
-996
-618
-332
-164
-486
554
-808
-997
390
-151
729
688
-372
-823
268
716
-299
-425
-270
-409
-379
-985
274
190
849
517
-619
-681
-6
-4
759
308
140
-311
-793
94
844
579
-946
-595
909
938
-702
234
461
663
-322
-391
671
436
-83
313
581
995
137
303
228
731
-188
-836
662
241
863
66
-614
231
279
-22
-74
465
233
-342
84
585
265
639
971
164
638
251
242
270
16
232
494
-677
671
421
519
-471
42
-671
-183
408
808
506
718
-838
139
-86
-361
-139
179
314
377
-117
-548
-668
-19
835
-859
1
-499
670
895
-43
847
-813
561
34
-958
856
-400
-359
165
-982
549
-620
-227
-906
425
185
983
398
36
-390
77
-760
663
546
-317
-208
480
-421
-399
-912
631
-739
-289
805
-877
-629
864
-513
-75
-398
-540
428
-296
-477
-757
184
927
-400
-977
-653
-198
322
-785
504
635
278
192
-437
-561
-792
-137
959
-527
-48
-248
979
-566
171
-992
-321
682
-540
975
984
569
359
-767
-310
-171
971
458
783
-123
612
-275
389
594
247
-943
887
915
941
-503
167
174
107
-119
-734
-161
145
-414
-215
-903
836
533
508
-218
183
562
938
36
-298
586
-593
487
776
297
-251
584
-777
822
114
715
862
-419
127
-714
254
-701
-49
-668
338
-393
822
-75
435
960
-120
371
633
153
-52
251
-585
113
-742
926
-122
239
-12
-790
-842
35
236
-590
-518
780
713
-582
805
-349
208
-53
545
876
766
-388
-930
527
783
539
-64
14
619
691
306
625
199
616
762
-516
106
595
728
-803
-852
759
-942
-862
318
430
853
446
-841
-500
-215
734
-21
-165
-197
621
-346
-378
411
-730
-175
427
-170
65
-964
-332
110
-379
935
426
-812
-992
-35
-854
546
893
732
-925
-756
849
-196
-298
-539
-890
206
-271
-898
146
-808
-330
-211
-68
632
408
872
241
-109
-451
554
-844
702
682
-685
231
548
755
-393
383
-628
-951
829
-357
921
243
12
221
-795
364
-748
-140
904
-36
563
-526
969
679
-337
-158
-957
-289
447
-225
-755
289
-831
677
-427
-901
-590
-845
870
-714
804
-69
-108
-688
914
-945
-317
224
802
-752
-982
911
-454
963
-385
975
-304
-906
432
326
-844
-440
-301
-171
-592
-213
-286
-13
-667
634
706
605
-37
-221
-876
911
24
363
-945
-133
-490
947
771
-489
-422
945
-664
-714
-552
228
69
-719
-743
506
226
956
-323
782
561
-857
225
-430
536
906
-71
-806
450
141
213
-30
-235
-773
-342
-456
104
809
857
154
101
575
-540
615
332
-412
309
-970
530
53
241
764
-601
-684
469
-357
856
38
-617
-973
688
61
-938
331
150
414
-509
-532
-932
134
-24
-501
-813
440
247
-114
-230
-766
-522
-614
135
-40
-285
985
-609
191
169
-934
-152
-362
-584
-812
-482
-813
-921
532
-845
-871
-410
10
-84
-90
181
825
756
729
989
94
-844
-35
-161
820
-320
-745
-805
519
193
554
-912
406
385
-625
-423
668
-508
598
-297
-933
616
462
426
748
-837
60
993
-398
-189
942
163
899
133
458
-306
-769
-914
-877
-413
-356
-991
157
-719
629
-978
-291
-535
-629
-507
284
-412
-498
-771
298
690
481
172
52
-878
984
353
262
803
376
-361
214
-562
-59
-947
-173
-659
303
368
130
-137
-672
-682
-597
-275
-493
453
-780
95
-195
129
-995
-897
110
-744
-45
-214
171
881
-946
666
468
398
874
293
303
524
-989
-937
-678
236
883
-970
933
829
122
997
-89
-488
-248
897
-649
-833
882
-99
363
-17
-698
-116
135
-938
-976
485
-823
404
257
-33
502
-921
615
793
-965
46
-393
-165
-594
367
-356
568
799
534
-970
-915
-268
52
406
309
-814
456
552
989
372
-376
-85
704
-859
114
-849
402
730
503
-543
-784
433
502
540
681
-868
-820
193
-396
381
-232
922
-280
641
-950
582
-590
364
-305
-639
-739
549
-165
893
298
-398
949
-23
908
631
873
880
-520
-629
262
176
440
-763
641
695
-44
891
600
-95
-135
429
586
57
179
52
-479
453
-667
-151
707
408
-520
-25
-842
633
-515
316
-279
323
-504
-272
-929
-683
548
217
539
-790
-807
464
608
-56
415
219
927
-131
-895
198
564
-403
717
798
-581
453
489
510
-980
336
513
-796
-774
-508
250
-963
698
-226
754
-668
940
-26
483
581
623
766
-669
933
-854
618
-268
133
537
137
697
967
208
146
435
-202
430
-652
-461
717
771
186
-425
888
-325
741
-768
-82
-984
429
868
-804
968
-914
964
-741
358
-523
-217
-362
142
-49
525
-301
-178
656
829
60
-226
940
-120
-210
-114
-470
-274
79
4
948
867
553
-255
-913
-176
-376
207
742
35
-557
-841
320
848
686
673
-79
308
77
100
-448
-203
971
-759
-141
-348
-227
984
-216
-439
-291
-185
-638
-998
-67
490
-299
-271
-592
-567
-864
-421
-470
-946
738
-348
-165
847
-36
819
-611
-422
-448
445
338
711
-178
-606
-6
413
566
-941
777
539
894
512
35
-700
61
71
-392
474
916
567
-87
-207
884
583
-723
266
-209
-551
729
398
907
470
875
570
-58
-123
-279
-119
482
708
7
-395
-550
-170
799
-49
-909
423
-444
-805
-117
275
-993
-558
540
-252
-346
-200
-918
-508
-876
-445
157
-954
-660
-451
-95
712
-652
639
600
-745
-647
703
-321
458
18
413
790
-101
690
-843
528
-869
313
-723
933
-237
796
-928
609
-854
-600
649
587
423
652
462
229
461
886
95
-426
987
-622
992
97
-87
662
147
532
927
232
551
518
-159
-993
35
-726
-681
908
392
851
282
-107
-970
-283
-210
265
-892
-478
462
623
707
-604
79
744
643
-482
682
-455
-581
861
831
585
888
-725
325
-156
-610
417
-797
87
-921
-533
-77
-229
181
861
-512
-937
-874
-709
125
-458
813
-263
-238
974
369
-153
-66
308
-85
-25
874
938
566
-965
-373
984
-701
544
-290
661
97
-513
-684
-29
-575
314
125
-843
798
-299
-140
344
-355
54
-360
-430
-736
-50
806
-248
-988
400
806
-667
-167
90
-891
-787
397
485
495
369
-938
506
48
700
-216
931
-728
-66
-746
296
466
-531
572
-981
-974
-912
-715
103
267
884
-670
415
-76
4
894
-9
-367
66
197
792
-764
-223
-431
-755
-606
-838
5
-926
120
-93
759
521
604
-956
-809
342
-561
747
-604
273
154
-210
541
578
264
491
935
-470
509
105
-81
307
608
-45
739
-523
515
736
416
328
-812
756
-736
555
-251
-803
-486
883
30
-332
719
-333
265
-902
606
-945
720
-994
456
592
83
569
198
-72
907
586
328
-276
432
-434
-762
-734
-779
709
-201
221
-370
-546
885
-629
942
-521
-172
-202
915
-723
110
833
673
645
644
329
483
-285
-931
-545
-916
-169
-577
647
-421
467
-824
-789
-588
-44
-358
-719
-555
-166
-10
-566
638
863
95
-828
367
-110
-777
-898
941
-910
-251
532
816
845
-537
-835
544
944
826
625
958
321
555
612
-446
315
-526
-46
944
345
969
92
-696
891
722
637
-871
-9
-872
-342
362
916
-544
-294
109
283
129
-175
-280
-923
929
446
723
685
-664
-285
664
-541
758
-157
361
216
221
-795
-577
916
-86
73
-720
-145
264
-596
-651
429
164
131
122
68
-327
-711
-549
994
-857
-187
-929
828
-563
-172
569
-719
-67
-272
696
155
-326
99
490
-761
-450
156
-517
954
-588
-453
-575
-311
985
460
-234
326
517
521
-387
708
-187
536
-294
-122
629
530
-933
232
62
355
878
-187
-701
180
-544
-999
663
308
272
331
53
-644
481
-366
-684
916
290
410
445
597
631
859
560
-498
853
-208
726
-460
-534
-834
-205
477
471
-671
673
88
102
-541
-450
817
872
-734
-390
378
180
468
335
733
-450
812
810
690
-750
-567
-351
-895
-96
-961
138
673
564
-448
141
511
808
-798
712
330
287
-96
-578
-501
-154
-310
-179
-269
-936
397
394
905
-901
681
-382
183
6
-964
-321
-960
128
-78
-553
924
-248
326
553
-170
-780
-58
-860
553
-446
244
-20
-647
-530
-874
-217
477
-940
-926
-87
-55
451
442
-17
865
418
181
-379
946
-391
-96
-366
733
241
386
-198
95
-892
-947
-416
668
752
-145
-929
485
-576
-988
-913
-854
649
561
774
943
705
251
-682
289
413
281
873
-516
68
-425
-452
165
240
441
-800
688
959
-554
-102
507
516
997
-313
710
-488
-950
581
524
-983
-287
-136
654
97
230
-11
299
-777
863
-434
747
-342
873
-883
-188
302
370
326
218
905
-703
-616
758
-851
-657
-85
580
-391
-623
845
836
-908
-209
-470
966
-70
-385
461
91
704
431
997
817
951
-337
113
213
691
971
501
538
514
528
-295
-651
-834
665
-673
-161
-276
-780
-509
-305
668
570
313
167
367
74
149
-1000
-538
74
135
601
-575
488
524
264
765
90
-610
-164
136
515
671
-468
840
-677
-663
-189
371
-79
687
250
-769
22
346
91
263
585
284
256
-999
281
-974
810
-775
-278
335
-818
-559
-249
-984
-683
-710
209
-755
673
-208
-399
-144
764
963
-903
696
223
-740
-849
605
259
-993
-538
616
-416
-64
41
209
-54
578
-451
799
-688
622
672
-274
-718
219
-677
-769
-498
862
-389
-629
820
-769
-105
-267
-468
938
-276
652
-571
312
-733
459
406
-768
-352
-212
118
182
-941
-574
-388
-906
487
-491
-715
259
150
-596
-442
-565
-424
592
967
-103
-699
180
259
-484
613
86
775
-842
20
-589
-496
991
-686
216
236
-43
98
-368
-316
-185
-724
669
-484
625
-307
-25
-483
888
63
745
571
-475
-228
-55
-409
700
395
-662
389
-934
155
682
105
334
666
-61
548
157
-746
-609
-28
-793
8
480
263
714
-643
-77
-839
-114
-253
-549
504
298
180
547
-917
74
-73
888
297
574
776
460
-861
87
612
877
491
620
-56
-877
-648
510
-705
290
-274
-197
-430
464
376
831
934
-248
840
620
-70
98
893
227
-511
-444
833
-810
-533
-755
473
-515
666
-51
-732
177
-792
533
-171
399
-120
561
492
188
372
417
-636
-343
-269
-792
339
731
75
-274
-498
-613
247
-321
479
978
96
572
-426
270
-936
360
144
-389
768
373
636
-446
-25
-913
-270
822
913
550
658
609
-76
-931
316
218
111
859
-995
558
438
121
-428
-649
164
-361
-827
534
-114
-536
-827
424
-385
773
-769
637
-799
-692
-982
-159
-900
-108
35
145
726
560
-713
468
-42
983
-717
770
832
277
-106
-629
123
604
547
-927
976
421
-667
482
-39
653
67
6
810
859
237
150
510
-483
-769
-603
716
327
-405
-987
-927
845
281
230
118
481
-534
913
255
352
957
-865
-371
619
-929
625
-8
327
-202
-281
887
433
-263
-114
925
-680
810
-543
-699
-744
671
579
-895
-617
-6
792
-773
756
-238
-824
671
377
-327
230
-631
-937
-518
90
277
-578
990
54
527
102
684
-735
170
629
462
831
933
609
978
-654
606
90
585
661
-322
-694
653
-35
-215
26
-665
-204
-94
763
-152
34
-677
-881
656
-211
-283
137
650
-753
607
-495
863
60
495
-708
-861
245
405
-901
335
268
538
-848
191
-514
-483
304
-637
38
205
996
-862
241
650
828
984
52
650
-470
189
467
42
752
-245
622
-267
352
43
-207
247
-164
702
-967
-566
219
-446
642
-503
907
-598
548
-786
-298
-1
24
339
729
-225
-774
-602
-19
643
97
-931
-698
664
822
-729
670
752
-741
821
543
-313
186
917
-768
289
305
902
-836
322
393
-692
73
914
163
-830
-720
-36
-101
-812
-481
-30
-821
911
-93
120
-462
-482
-607
-206
-726
-860
-782
-607
371
729
-824
-929
-514
301
897
-218
852
-212
-518
178
942
492
-561
-547
-856
973
699
760
-742
15
-546
385
-225
-939
-47
536
39
-1
345
177
401
-140
853
474
-156
-170
-772
-931
780
547
-422
630
-412
-1000
-817
-836
-747
204
-757
-491
697
554
54
-505
-556
695
17
404
-491
-747
568
509
-29
-191
1
-42
-957
-604
796
121
-372
-492
140
-464
-170
304
648
733
640
743
-213
543
-488
-755
484
90
707
-680
423
-953
-356
-383
698
-456
-849
-649
-900
156
784
-129
-74
124
788
-891
375
41
-226
-266
101
-610
358
915
797
-436
-493
-337
67
32
-630
578
-55
-588
-548
631
-605
-93
-448
958
504
-199
95
149
-760
-61
-267
-987
157
984
-722
901
575
586
-38
287
-896
-587
-299
436
128
641
-934
-709
-454
-537
-475
151
-140
-747
191
-328
-74
-279
880
496
219
598
-434
40
572
828
-415
855
-872
-862
-688
769
-17
399
-624
56
-509
74
-826
330
-320
523
822
-729
515
525
-285
-855
-548
764
-585
161
-711
347
-783
328
305
-162
984
85
285
-982
-367
-652
-275
547
470
-497
207
-324
-347
-932
-425
-423
913
722
32
589
-351
35
-372
-360
-647
565
-620
-867
299
168
-258
-835
367
-830
-161
254
100
69
-674
176
628
-278
-53
549
476
-597
785
-220
-103
-898
-958
-659
-702
-753
-256
881
-114
776
-464
537
-15
-611
898
-869
408
-392
195
-71
-136
-712
270
-798
271
400
-208
-116
-800
399
775
938
81
508
186
670
417
806
-390
-265
359
-682
-788
416
-161
-17
-825
852
933
91
457
-630
-693
603
423
-429
454
-300
-54
57
904
-667
-549
-29
-974
543
-952
-565
-47
-162
-398
879
-539
-291
-239
-842
612
-582
-318
605
-559
-365
-805
-803
836
886
-677
959
405
-249
-924
-597
372
708
-961
397
-969
411
-595
-408
-83
-558
-968
966
-780
-524
524
426
-300
-180
-69
-63
972
-510
-707
232
-686
-230
-155
-109
919
840
-716
457
430
800
257
292
759
322
740
91
-785
-468
175
-227
-599
41
-107
757
16
-569
-601
-448
-30
314
-824
897
-827
12
-901
-511
972
-854
706
426
-248
-404
735
782
668
114
190
-230
557
-454
-891
-612
467
-649
508
277
-550
128
-759
-594
129
475
-203
-239
-959
323
591
892
-726
339
950
-822
256
-398
540
358
-419
-187
403
585
148
500
136
868
910
-532
-897
-570
721
-928
-792
48
433
457
404
960
875
-156
639
254
-215
289
938
-927
-43
-342
-543
283
-847
-154
-953
313
-901
-925
-423
-194
-403
-167
468
-741
790
-913
-856
-874
817
-952
-87
877
-243
-385
570
628
-420
-984
-977
203
704
105
-712
623
56
685
-898
350
-879
49
961
-239
-573
841
-725
71
319
-571
304
-994
-965
433
-579
-57
686
913
-224
-811
693
904
-298
-422
17
517
71
179
-718
784
-709
63
144
-1
764
230
-593
-544
438
-808
-352
232
-926
419
-478
-701
-797
551
49
-240
609
-771
-866
-592
37
186
716
-839
-457
224
-697
-929
71
-35
92
787
-492
-62
66
614
339
-613
584
-67
-747
545
-276
744
444
-488
631
-1000
-147
755
270
457
-791
821
127
-637
505
125
-5
911
-89
-747
153
-602
364
310
-946
-551
-802
563
127
-767
872
-115
-223
-520
-835
-667
-543
-394
-820
180
543
-396
680
-236
976
732
198
-621
-823
780
-166
250
560
125
-577
-447
742
-796
524
-292
573
-367
291
645
193
743
-140
230
955
923
-669
999
990
207
831
-588
462
-482
-32
291
-475
-527
-870
-751
242
-809
-541
-629
-951
600
-600
-764
-436
-806
-384
-978
254
968
-890
-525
281
-606
67
386
705
858
300
-763
-548
-537
-10
-43
-732
660
302
-489
-613
-218
-720
469
373
220
483
-776
67
-494
-195
-737
384
-437
860
-49
-177
-788
348
504
-325
447
231
-922
151
-949
255
-984
129
503
-923
-869
277
694
-34
-23
74
536
-700
739
602
-566
-635
985
-897
-561
839
-861
-372
-567
850
416
536
-118
-273
-219
-40
-687
610
194
510
-499
994
-11
152
-568
418
-475
642
982
1000
-734
205
-972
-753
-170
865
-81
-999
105
717
844
-407
333
-726
203
-544
-81
3
23
-257
935
-128
558
480
660
-858
-701
958
-747
-930
-576
563
-259
167
-963
385
950
-726
-998
-270
802
533
337
601
-716
-534
-732
-671
968
940
427
993
-549
270
250
625
-291
-497
803
454
554
995
516
268
146
-712
612
-719
-136
272
728
331
618
-407
539
770
-484
-346
-45
363
-572
243
-757
-828
853
-883
-989
945
-27
-56
-568
308
933
923
149
71
715
19
-9
633
-995
-862
25
-62
431
-100
762
314
-212
-437
68
-819
873
485
995
-125
-176
648
590
-535
-722
-194
513
743
-595
272
637
-897
410
-744
-264
-21
-188
280
209
-193
487
-154
434
-402
-448
395
275
-491
-918
335
726
-119
837
-984
-365
-438
785
-283
-967
241
-505
846
975
-573
507
-842
838
717
-393
956
761
-272
-218
-650
224
-368
-807
-905
893
-191
-570
955
990
-2
744
183
-739
-563
-410
276
-161
188
835
751
85
-390
346
-702
-490
-163
-985
34
-851
110
-856
-555
-109
968
-746
858
-443
25
14
678
-213
592
-201
-688
-992
-81
152
-901
-87
349
283
172
-828
-438
811
103
851
630
-217
-504
490
472
899
619
541
367
-615
-643
280
-986
-2
38
68
-860
-810
436
991
-459
413
-22
485
979
662
-966
33
79
-881
-106
-785
388
-870
102
-839
696
894
-223
-655
-218
-503
-489
-109
-185
-82
-67
-306
620
379
936
760
-785
788
709
-413
836
-297
327
245
-556
-749
-53
991
-310
196
-738
-989
-66
539
-442
489
-980
-943
-842
512
428
232
-955
-164
-128
455
-983
-94
-174
33
-447
176
23
-48
-553
-580
-526
155
-587
-370
795
-111
221
-356
-494
662
504
928
-281
-450
788
-469
80
934
918
49
-809
760
-593
-656
236
-199
720
-496
-591
-290
-241
592
525
-762
281
188
-606
232
-632
711
-474
-616
-928
-931
-646
782
-592
-77
-993
551
590
-493
174
-154
-263
-753
796
812
463
-523
-219
-342
-362
512
-586
-714
872
413
936
-910
-142
30
602
958
-384
598
-74
-176
816
96
438
235
511
472
44
-711
636
-502
-506
813
781
-175
833
-254
-640
-138
-780
-179
990
-320
-373
-301
250
-603
-598
-12
49
959
862
-587
27
567
-625
-924
770
896
722
-887
-212
-623
63
125
-815
115
-513
479
-358
138
664
957
-946
-420
951
407
-840
-817
-267
-715
869
895
-51
-631
306
-174
-548
-942
-818
-937
-867
961
-631
640
269
-734
-339
963
-172
397
-111
-709
-363
644
635
-666
628
-992
344
-559
-708
-333
416
-908
656
-699
-988
-369
294
941
-598
-786
-812
-812
-166
730
-107
849
363
-372
535
-954
-558
-429
476
-954
728
386
-839
-97
-982
313
-237
812
-39
-572
442
489
-648
559
-363
421
-497
775
-58
-105
370
505
217
485
-328
285
-865
-903
-131
-951
78
-543
433
-861
-829
981
479
961
769
-434
-791
212
372
496
-526
-367
-731
-756
-569
871
972
-594
-426
-981
-997
299
948
337
684
971
-847
-776
302
-655
-292
-314
185
125
942
-358
-318
428
800
522
72
-764
263
-67
-488
-463
-900
366
-491
-327
896
-159
549
953
-388
-29
400
-748
-804
468
816
448
291
-122
-298
-643
-215
-216
353
-83
868
517
-206
-15
591
-294
884
-491
406
255
-126
790
877
-383
-83
-888
100
-233
-274
-100
187
-298
895
867
872
-930
281
-721
6
-697
370
-435
-45
-850
835
-933
374
381
649
399
-25
-482
667
-721
784
807
-770
576
18
-306
653
345
253
-361
-79
677
-205
534
-214
-904
495
630
-589
523
703
-740
-555
401
-657
191
121
-380
246
-716
472
83
-823
856
976
555
201
-300
-349
-127
-894
-96
-715
780
-695
-403
614
-216
383
-314
-996
-815
-56
-162
759
877
913
513
906
-230
659
9
-234
-670
624
-192
-52
558
-556
185
-438
673
-934
-187
-383
-581
669
-277
243
-503
529
-121
373
-126
894
626
-148
-311
216
-25
793
290
-264
-49
-865
-175
-787
-559
437
-516
-149
-47
-94
428
-144
459
-697
58
-256
-841
-276
-840
-463
-977
289
425
-604
-829
-66
-284
-929
633
27
-45
307
-316
741
-717
-819
-917
322
-301
-619
-209
-749
221
244
886
689
535
539
626
-661
-319
-509
701
-221
-77
405
140
-244
319
118
433
-300
443
367
252
268
15
668
-636
950
516
-517
434
-523
303
145
-548
-596
164
524
449
967
-316
825
-748
249
963
-304
996
107
827
147
-365
-383
670
-73
311
-407
-282
3
-540
878
499
-526
392
636
-683
-26
-291
-663
291
318
575
-891
798
-400
771
125
277
-833
180
560
-588
-774
764
886
193
408
926
-39
359
2
-143
-8
-762
519
312
111
-545
507
-240
230
-758
-923
675
-519
-753
-9
-315
-118
-361
885
247
-564
679
456
-744
851
6
-557
412
30
423
583
-25
619
958
860
207
-658
-356
-138
-633
700
-169
-475
613
-25
557
-715
372
-140
645
586
205
679
446
505
773
-379
-372
121
-807
-629
-758
940
207
-578
122
256
-322
-168
-103
714
-211
625
447
-447
479
779
-717
934
803
-324
-920
-330
819
-391
-852
484
-889
805
-354
910
-134
963
-114
-266
769
859
-447
-294
-733
294
-295
360
752
414
-721
-17
366
185
213
-856
932
-166
58
-441
652
519
657
531
-641
559
-364
534
771
524
-656
599
-990
-106
270
-574
569
-656
-91
688
-740
344
-855
-870
750
641
99
-780
-469
-333
516
-496
999
-611
-80
-625
-662
550
-774
79
320
992
466
396
-795
-384
-992
-420
-424
-222
-374
-547
-40
-70
-984
794
-515
401
-498
-922
288
957
681
-301
-339
120
236
-397
391
48
-965
649
-946
133
137
-819
904
-808
-19
452
418
929
-774
817
503
-285
361
-934
-164
429
919
-875
-857
115
-767
130
909
756
684
-771
-642
134
-754
-898
-448
831
-339
-686
972
11
903
-542
26
-581
-46
872
237
-22
-909
-96
533
735
960
288
-571
878
-552
655
-447
681
975
-228
598
993
277
351
406
-659
-98
312
-101
-77
854
-895
-815
-938
453
956
840
80
884
143
-896
-576
-637
-154
666
-749
-857
762
403
510
-681
196
-996
-320
366
-707
65
-414
-222
622
181
-239
213
955
-633
641
-885
-847
-580
474
664
-258
-943
760
694
-540
0
-138
198
409
-930
-911
-122
-273
-153
906
671
989
-986
541
-724
-973
-274
-469
508
-668
-19
-73
436
206
-478
957
-102
845
490
-18
-460
867
13
391
936
-489
-499
736
816
-112
309
594
924
-965
577
968
821
285
307
-695
520
-342
-881
-297
-322
-978
122
-93
-481
618
854
933
-106
-979
536
-707
-144
379
328
-77
714
128
221
601
269
-765
-386
925
-702
-14
-824
591
-454
326
445
705
672
-276
541
-820
631
-923
569
-125
246
63
774
-240
589
705
-363
749
-985
-153
184
-793
88
655
633
-677
255
316
-556
581
87
-947
703
410
356
979
-141
-569
738
-895
-326
935
500
355
428
718
451
-487
-722
-984
91
-922
-26
439
-531
-604
-850
-213
244
355
838
-30
659
-31
318
-809
-319
422
991
0
-568
-476
-797
468
197
-593
224
791
788
750
-894
-434
-534
507
11
-289
629
299
524
-703
113
-151
-941
665
-816
-803
-844
999
-627
754
-631
734
-635
-321
567
656
-614
886
-970
182
-777
297
-996
-395
447
202
582
917
344
407
564
-199
-885
489
-767
-807
-916
995
295
-573
-125
599
-219
-194
963
-74
54
-781
-837
632
-251
130
-693
-242
216
183
-451
838
671
-705
251
-597
-20
-557
593
-164
-344
404
305
-685
-759
222
305
-719
-28
441
491
878
-32
-483
948
-479
-302
639
853
200
-975
179
157
-237
-769
-593
241
883
-654
268
-577
-618
641
-190
302
-563
-49
336
-215
-521
288
373
-139
812
711
-712
-848
596
-530
-370
-645
-958
-805
-124
930
-721
984
-89
-593
166
850
651
320
878
186
399
312
638
33
-392
26
-294
-262
747
578
855
-821
981
-240
-418
-251
772
-36
-760
-177
252
993
198
-578
-377
-889
494
-708
-985
-110
849
-296
155
-537
384
-625
-786
-138
392
812
-175
-852
-977
348
903
-89
639
543
-296
-684
-323
405
-211
248
938
110
998
204
484
377
-977
178
-645
783
-953
-443
510
-429
44
589
75
-377
463
-666
-326
190
-637
-344
63
444
529
851
-227
-949
535
-626
-308
-531
-38
-500
631
-713
-122
-146
-264
243
-937
-316
637
-467
801
374
665
-237
-779
42
-775
801
-39
-475
157
-288
777
-849
393
-726
679
133
-837
606
-717
-702
-19
-491
-337
731
-561
797
853
-722
934
966
279
-785
-480
-767
390
-750
-439
986
78
398
315
244
255
-571
-113
303
-369
965
565
-870
431
130
808
371
594
-104
363
395
-809
-294
455
-300
182
370
-822
-713
-801
394
-560
-177
-788
-627
-550
-370
74
-756
756
925
-250
610
-534
-957
574
-319
-511
872
-392
-340
257
-370
-268
-445
-356
-319
-335
-461
797
-24
-927
677
426
-959
-811
-591
653
-366
-434
420
-463
201
-677
-759
-411
55
215
372
13
-334
253
85
359
-862
88
-788
712
998
-350
757
-64
312
891
-656
-169
477
938
508
415
459
-350
-736
640
456
-724
403
306
284
87
-366
-32
263
301
520
-180
286
-864
831
584
-781
-359
-144
303
926
490
-241
-377
484
291
147
756
938
149
-6
-435
960
-762
-509
776
-777
-807
410
555
-533
965
-426
-108
-868
-311
-134
934
290
854
638
758
-837
714
616
743
627
64
-67
-574
692
-988
217
-261
-226
-113
331
746
664
-774
-724
-730
-526
548
-469
310
501
-411
709
-847
275
-777
-560
-815
-533
566
-675
-284
-811
-687
-823
-618
-195
-6
-778
14
-454
911
-490
-774
456
-298
-705
795
-745
-685
-395
907
-399
-860
30
943
713
866
-990
87
829
636
-659
-694
153
698
-505
-776
366
886
898
-792
807
313
-139
-432
-41
196
-681
908
-472
-963
802
288
900
-207
709
585
-677
-130
-296
57
640
-319
-918
433
-711
102
-256
-407
577
733
-193
150
722
-632
633
-546
-785
-85
-919
-661
-774
547
361
381
709
678
-28
505
493
413
29
-852
618
-877
226
-55
-40
303
882
328
-823
-608
-822
-385
-836
22
326
36
-811
563
-3
-740
298
374
-547
-203
-183
492
-735
577
156
235
-632
147
456
235
-14
-221
888
-580
926
-498
509
-513
-90
285
-705
-263
-642
-866
-776
-449
-651
-681
-562
-302
-368
447
-274
-990
297
-948
-218
929
-143
-349
450
341
846
-981
-644
-176
888
-881
425
159
-626
848
-736
-224
893
40
561
45
-66
-527
25
507
-617
-444
608
-593
-629
-588
-244
450
-516
-822
-411
942
172
-960
-31
-868
849
499
449
563
459
58
-217
990
891
969
667
716
1
-657
-618
-655
767
-608
244
449
102
51
127
878
-419
-885
-328
-534
408
-123
-792
-863
469
436
-559
-428
705
-354
-926
-326
479
-493
-195
-255
-861
265
276
-699
169
467
692
413
-884
-69
-928
810
-363
-739
394
759
14
-362
-82
-658
698
-883
-654
-757
-743
715
-951
-61
-536
-146
150
16
-643
-114
-26
-709
-983
-704
505
-977
-491
-982
895
736
810
816
-307
-950
-258
20
786
-228
-20
83
-110
-578
7
-170
614
339
917
879
247
-580
677
-733
-283
252
538
304
339
613
258
584
-320
-321
-374
620
234
-149
-203
119
352
-62
759
-755
532
102
915
-72
214
-40
978
300
608
747
-291
-517
-818
-854
-558
-733
-854
950
18
-222
-64
792
537
186
-361
24
-91
-702
146
499
-846
-38
-518
128
-788
313
-545
908
-427
647
-411
-575
369
-175
806
-807
-520
546
-482
-8
926
103
670
-593
368
548
-895
-676
-140
-873
-568
-587
-897
528
-815
-287
-344
273
-578
-310
-113
-399
857
466
-172
-260
579
-221
481
768
-213
492
-115
-79
-780
-18
-24
280
965
828
-957
-713
797
-489
-636
665
-563
-447
795
909
-64
-120
791
-207
481
-755
912
384
204
-381
662
279
381
231
-413
34
441
-877
894
-169
-196
-155
704
-955
78
613
784
-222
582
842
-693
-873
-909
717
870
147
380
-843
889
94
-544
-761
582
247
380
819
-360
-495
97
951
859
-540
542
-221
-246
119
247
853
-877
882
696
391
-750
398
-981
-985
-76
823
787
-157
372
-164
883
-125
-669
-336
-613
-721
400
-722
857
491
612
616
-75
639
-769
465
-737
563
420
-879
180
-153
-653
-604
-343
-518
785
-496
183
586
-99
-301
675
-767
-594
-927
-488
-506
-896
224
350
849
-483
-366
515
494
855
625
897
-963
-71
-580
763
-179
-573
-152
-998
861
264
991
62
267
174
-46
-32
-606
207
-260
664
594
-664
-381
-963
-50
-272
-45
60
-527
403
547
-651
414
-59
-223
-244
-11
733
969
-11
475
922
33
-622
373
335
494
379
-643
-38
291
-916
827
-266
-473
-660
619
856
-603
-922
504
782
-90
-836
-112
485
-47
-980
-123
-742
324
-244
359
-286
-889
78
-994
761
-252
664
924
-439
-531
710
813
-660
758
-24
32
-809
-263
66
-505
-798
939
735
-222
662
335
709
778
488
-882
-991
-830
-882
-887
644
883
-315
-935
983
559
801
117
272
43
-384
88
818
384
32
-25
-803
81
23
514
-515
75
-859
478
-194
-663
-84
194
-98
917
-32
-744
852
546
-667
-613
-612
-837
-88
-409
715
-856
992
-740
-122
162
-884
111
577
752
893
266
335
-717
380
109
131
942
-299
613
348
-404
41
-365
901
137
209
-681
-320
-473
-89
69
543
-367
-10
802
-615
-153
-157
532
785
32
-447
125
850
-671
238
628
-334
236
-581
312
927
995
-788
520
-402
371
106
-629
473
-280
576
502
64
-297
-851
195
-555
809
-373
-950
399
421
271
-540
67
0
-550
-745
-572
300
-545
-389
224
969
-702
-424
-320
806
733
-186
-11
503
-442
-285
-816
-491
596
973
469
163
-645
-702
417
-17
-490
323
131
934
394
-477
-439
854
-873
861
-861
147
-600
257
412
937
354
-965
-699
411
-526
-499
-786
-162
-59
-439
66
-928
-927
-937
-805
684
957
825
-522
501
636
-504
-354
931
-2
519
942
840
553
-19
852
-297
-814
532
92
489
-864
437
-584
-889
287
770
411
644
376
-132
397
804
-329
445
-188
-678
565
-224
-149
-104
-795
-482
270
-294
959
-320
609
501
471
-433
615
404
-409
-497
-793
-217
-984
323
-313
-430
528
158
-92
110
-878
-14
583
-314
273
-607
-503
-966
-429
333
-789
-894
246
-400
-436
-473
467
-932
830
933
335
241
-517
23
122
343
-429
-980
-641
-129
-679
58
50
-658
571
-690
-558
963
-55
571
736
-138
483
609
422
689
392
631
741
-536
860
559
456
111
-65
-110
696
-617
430
-321
311
780
544
517
-964
134
-350
-828
147
636
821
-842
247
-600
714
655
-979
-862
-726
-287
-612
8
-824
584
189
-647
-548
-399
-819
169
728
578
193
-339
954
539
418
-620
879
-650
430
944
-886
-709
-615
793
-196
-82
693
-160
-870
975
-803
-94
-94
581
705
226
-871
-226
-462
196
-222
826
976
-213
-724
-11
-498
-785
609
480
-851
-572
762
666
399
178
205
-817
458
-843
300
163
658
-820
-684
-909
6
227
594
-199
798
875
-561
-863
-859
-278
89
-141
468
475
371
-445
865
685
-838
-817
872
-955
900
-54
576
116
808
-799
337
-777
685
357
-141
-286
917
791
543
-157
83
-473
-827
-376
97
-966
130
-702
-732
649
986
-470
-905
69
348
-264
143
-634
497
-140
210
-458
193
761
392
849
111
-546
-352
139
-787
-559
487
772
-776
-366
461
-493
-788
676
-290
168
-872
241
872
666
-349
401
-782
-251
-756
141
480
-553
659
588
198
182
854
-193
941
-299
-181
-110
908
25
-517
457
445
310
563
-444
814
-903
-648
556
-326
138
16
-757
346
-857
-885
515
-544
-660
-277
-683
822
254
600
482
-371
-358
-23
-184
-176
-643
-137
227
-272
594
-526
-194
-280
528
-704
801
310
995
-650
-352
-136
534
512
-419
466
-443
449
833
-766
659
109
-860
113
-673
-675
766
359
424
148
-91
978
743
799
306
-297
-350
283
433
995
334
-764
-172
-876
-308
-905
-769
285
606
484
-715
942
-299
-484
981
-818
-34
-522
608
101
853
-873
-67
233
-141
312
379
131
9
-361
-695
-196
955
-914
-144
665
-647
-212
253
906
-561
-793
582
-663
93
878
913
-492
-622
287
573
-201
164
-307
755
666
-105
897
893
-495
-312
541
567
761
375
-876
-847
866
425
221
-577
831
-888
449
39
-811
296
-207
775
-439
627
603
-27
305
627
-499
739
294
-629
30
946
547
-103
16
-902
-563
156
-189
-987
-682
408
-810
76
670
-875
-221
382
-585
-445
-214
-755
-106
957
-592
770
-175
-997
912
-107
-674
-613
-452
-343
-844
-26
-370
-304
-550
-190
-886
489
571
748
416
615
173
-161
-667
989
-663
-44
978
530
-462
303
-934
877
-678
-552
530
-814
-720
334
74
761
979
-731
-762
-621
-822
-476
902
917
-93
-542
413
-255
-982
161
-602
347
675
919
-73
-249
-758
884
-347
885
426
-124
-670
839
-573
365
-171
95
519
-832
-373
-939
188
-428
-269
-898
-587
554
-30
52
444
984
765
-570
-337
-844
-926
73
-528
414
206
-850
310
-663
-332
-914
-293
-514
-655
284
799
-399
-81
329
988
-945
-909
-833
-450
976
-76
-500
78
-878
-665
95
-754
-935
-271
677
358
-285
758
404
-14
-282
196
704
725
283
-427
863
361
-273
388
650
-467
-687
297
206
675
90
-996
443
-487
-405
-447
-328
736
207
-687
239
240
957
-162
-114
-207
617
-853
-394
469
-459
-626
-676
-419
-39
-63
-37
666
159
762
634
-204
256
864
405
867
-357
929
70
-527
730
-966
966
317
-125
-648
-410
-663
-975
394
-45
-644
660
-656
-496
-852
-390
398
677
-577
665
78
435
-428
-981
-87
-236
591
811
13
338
952
-739
-375
587
931
234
-486
-370
290
-234
620
-576
-230
-294
947
521
573
307
-849
-156
426
-803
598
44
673
644
-47
857
-981
442
850
393
95
468
535
986
-864
839
-95
153
95
312
-847
921
-114
-310
-593
-829
260
585
-121
684
70
744
52
811
158
-969
-72
876
354
979
346
230
-704
-864
915
136
-486
-127
-347
-894
791
-903
438
815
136
-162
-707
-936
501
-726
-35
635
-972
-573
8
749
-625
-635
1000
-259
-853
708
584
-283
603
242
531
-722
-343
87
861
377
-864
-108
-141
-451
-546
-217
219
4
42
202
716
-487
-602
745
109
-941
-656
540
460
416
147
-104
-771
-613
396
699
-286
673
-807
-92
-758
-559
-143
279
-138
113
-957
-189
-666
478
834
-605
-930
858
-605
456
-816
-64
-872
-21
958
661
-13
-129
-604
-525
-513
-839
-555
-615
796
-1000
731
-950
-534
827
-585
-976
-287
955
28
-335
987
-216
739
-258
-832
313
863
-739
-938
-42
639
738
664
-741
429
810
649
595
106
-257
-790
962
361
143
410
423
442
-20
-851
-700
238
880
-180
911
-751
966
353
440
800
-642
829
393
621
-289
-706
-545
-425
-14
-794
448
94
-580
373
-832
595
-403
112
-52
-381
92
339
-48
-908
-501
519
-341
284
-106
-886
-606
608
684
-253
-246
962
975
177
675
28
-699
346
20
-499
-401
-214
291
701
-296
81
-871
971
-829
225
-348
44
889
820
-346
45
-294
541
587
-797
-23
338
-129
861
-768
-951
328
-524
-911
-288
69
39
-124
-718
-141
57
38
-800
-352
30
-752
469
-697
-391
-504
-375
774
352
-801
334
-410
726
-888
-725
791
-651
-495
764
-41
-596
916
-973
-955
-518
-268
-95
-470
-219
79
-15
-376
245
260
783
167
-129
344
-791
-927
797
-741
343
5
431
-97
335
-678
520
-369
-743
258
232
123
-664
652
-178
328
713
-828
167
-918
200
331
-705
-874
197
974
864
353
999
-284
-496
-659
-38
73
-993
874
-244
215
-910
235
445
-468
134
-256
-697
93
449
-861
343
-280
894
-216
709
-984
-185
296
-236
-973
416
-35
151
518
268
-597
-588
244
603
186
446
-439
-144
203
-911
-660
-889
942
718
-365
-667
33
135
872
-395
899
-130
-519
272
-403
-435
-190
269
910
-155
621
348
-683
388
608
506
809
649
-38
792
708
25
-115
-3
-851
-83
-114
103
-421
854
642
-865
971
-820
453
-603
804
327
774
851
-763
418
-104
-202
616
-439
-842
148
99
-464
749
-867
20
545
928
-504
887
-299
-627
-550
451
-464
-778
775
-493
664
-91
922
984
-104
-921
396
324
618
492
204
-799
381
876
389
-786
690
-791
-449
-362
786
-988
303
-185
538
365
-333
-429
892
-874
861
-516
924
-915
-329
-418
538
-592
-98
-613
-260
-34
-862
-194
184
-609
-653
-334
32
-521
-249
394
357
432
-289
-422
-217
-860
793
-326
-216
-229
953
-560
-430
217
234
906
-141
-71
-968
-876
-50
803
809
-617
-363
601
-2
300
361
-999
473
-174
992
962
-79
941
-524
-39
-770
908
-861
-856
-991
552
-347
-348
890
912
848
498
147
-40
-252
-874
-34
-895
-841
-595
737
-864
54
327
-313
210
-629
125
250
-439
14
-64
75
-853
965
539
-199
627
-479
-855
-408
585
-217
-738
-694
-93
-239
-700
860
-129
-590
71
-193
-880
915
591
-299
-466
313
370
-714
356
-38
192
-934
-399
-260
-479
-18
-197
-638
684
-603
-195
916
-515
890
682
513
846
-702
14
-796
628
684
-150
615
328
-725
908
149
-716
371
-650
-59
341
-19
-809
-849
-75
-887
-16
-366
-15
683
-822
-98
17
-357
262
-28
551
-499
-826
-666
-305
535
481
188
663
808
-11
-236
450
475
130
-643
-347
-319
-621
685
-242
457
-305
-975
925
812
-878
-9
12
902
958
-529
-733
238
-929
757
846
-879
-835
867
533
427
360
-577
-421
-650
226
-199
578
-277
142
-497
779
561
-809
493
-437
660
938
214
-638
971
-405
613
-751
33
578
-968
-723
22
-428
465
152
-203
330
-492
-869
796
177
-427
-670
545
621
-803
490
-642
-393
482
215
89
54
717
660
-703
-767
493
-217
-266
876
289
-430
549
593
402
36
-109
885
-253
-492
-629
-479
-274
34
709
140
-73
-67
423
732
163
-717
-786
446
-668
-315
739
861
919
-742
696
101
-333
541
548
-536
227
112
-415
889
126
194
-378
-573
267
300
-840
646
629
520
78
108
113
542
921
733
449
439
972
-996
271
458
-723
773
-40
902
-63
297
-944
-391
-737
-386
-748
296
-522
822
-431
371
-678
858
810
-922
-789
-375
-184
-100
620
-16
-49
-332
-110
-714
872
185
-671
898
-209
-895
125
682
-786
-490
986
214
488
978
-664
-357
-228
-824
723
-565
-205
904
328
369
-492
-689
-924
-895
-305
138
286
530
711
274
48
662
667
910
-111
313
217
918
-434
-618
364
526
744
-564
-593
190
414
896
157
-614
45
414
-929
516
-861
-665
868
-119
-199
905
935
-383
-61
623
-537
-157
-11
457
-331
-103
383
958
776
-31
-177
-360
510
807
41
-240
-888
980
91
-213
372
-897
-1
656
265
986
-858
-547
547
-686
-92
55
898
-32
827
-387
-241
264
-501
-148
115
502
-778
-197
-491
720
300
819
-920
-423
121
-30
-743
-319
371
-540
465
853
-433
638
946
410
-559
228
-652
-273
-737
-68
609
300
-375
-104
510
509
74
643
296
792
552
-785
741
-576
-489
214
235
-270
920
-821
-571
342
110
-136
-34
-195
-963
233
472
447
228
4
375
-788
-194
828
-710
-260
59
347
-139
716
918
458
-916
-739
828
-515
675
241
960
-38
-81
881
-22
247
111
-79
959
888
-738
-589
328
-878
926
5
-76
-400
274
-390
469
-311
-451
604
-104
-772
-154
-351
-937
755
-123
-309
720
116
477
-337
824
72
-621
-76
-207
381
-342
-685
-307
-405
429
-669
820
-511
623
-908
-719
-933
-677
132
353
-439
454
-786
981
257
-107
-741
-650
-576
-275
141
-119
-906
-827
428
-461
387
-853
219
-745
-942
-414
-933
-330
869
-525
-897
381
493
-506
434
962
399
854
-241
-778
-51
291
661
-666
23
580
691
-724
-296
599
580
25
983
575
469
-430
25
26
-744
772
-937
540
886
136
-405
-517
510
-754
-581
589
-984
-524
-899
431
28
835
-31
30
-370
868
-707
294
-627
-58
872
-142
-780
210
-22
874
-322
223
-399
165
165
-112
821
-904
-565
689
-615
-403
456
-131
40
803
-804
571
-760
108
669
892
-470
815
-485
403
-160
828
772
-978
946
847
431
751
-490
-315
-778
329
748
823
101
277
963
-15
-945
593
-256
461
900
76
-792
-29
-152
-596
-176
389
-383
-886
-455
119
799
732
-383
-704
898
321
930
148
566
441
655
815
-576
770
-677
805
794
284
72
48
-161
-406
-215
-65
-697
-84
-156
748
111
-383
351
-233
727
786
-987
768
448
398
-505
-441
965
35
-976
679
98
784
554
-91
70
187
921
-286
824
-523
408
744
-214
-792
318
-688
848
-550
654
78
-951
-159
-211
-721
90
-608
-162
23
208
697
498
-655
617
-162
625
-348
695
900
-38
81
-790
281
-321
341
461
-96
-687
-459
851
-446
497
-761
42
-796
-87
802
-902
-613
-273
251
-999
533
-53
-114
685
901
139
-477
-182
-83
-619
-577
-978
-766
-769
250
-703
-416
734
610
-41
-688
-931
513
-922
7
-486
770
776
634
562
-243
-97
110
356
641
41
110
819
-42
-166
919
-120
-430
844
720
887
-712
446
-8
889
785
997
-792
246
-623
929
-488
700
982
804
-531
701
-499
990
-217
-675
789
-631
629
22
53
-682
819
235
758
186
579
-929
-394
619
197
-856
641
-677
675
-516
723
-910
70
983
-194
330
-21
932
175
-925
-265
-26
-449
-802
-774
-691
-858
238
-513
853
-21
437
890
189
-143
844
-324
-438
311
422
-471
573
-514
-415
346
-72
-597
948
-383
974
-417
18
-484
-284
202
42
-851
906
-641
11
355
-68
220
-815
694
-244
-844
233
-132
-565
-448
-907
-82
-902
-213
-732
715
873
232
497
-320
102
868
457
-381
-17
635
250
989
11
162
463
638
522
825
432
-864
687
-545
-130
279
-941
441
-260
-466
-70
-119
234
-433
-669
367
410
56
219
-567
-132
-134
-492
268
-173
243
-821
638
-613
-27
-336
909
367
681
345
89
-236
480
641
689
973
-156
424
578
-159
620
-490
191
216
924
692
365
-42
-509
-712
216
-622
-264
-804
927
234
870
-537
-998
478
-296
482
525
-322
940
580
789
752
118
-824
-578
-27
-953
617
73
-471
698
-673
998
-836
504
260
273
226
319
-525
821
11
322
-418
-106
-284
-52
218
226
874
298
804
-80
-937
-13
943
-615
-429
225
-271
38
725
-34
564
756
-935
-351
445
-364
-538
-16
3
13
-738
-119
-545
-234
848
600
413
-485
-59
153
516
-813
-634
933
489
501
-797
18
-667
817
-590
-892
707
900
57
656
-995
752
318
585
590
-931
12
542
-10
-930
528
-524
534
172
769
-917
88
886
-198
-646
-228
13
-497
616
468
-331
285
22
-83
-247
138
214
32
198
682
-5
-418
988
-192
-996
-834
-761
-112
677
-153
615
-311
-105
74
789
-65
-840
81
-1000
-191
867
-658
324
-723
-843
670
168
-633
400
596
-670
860
-707
-149
368
318
135
558
98
-930
929
908
254
293
-545
299
-299
156
243
-295
459
-676
-903
592
-260
907
961
741
-408
-436
-887
729
-103
942
-844
-317
375
-681
111
-629
296
758
682
-855
808
480
692
-42
97
225
-949
-655
34
106
905
151
87
324
126
-353
-990
-930
271
-943
174
-424
-689
242
849
687
576
751
305
675
292
619
609
-53
-602
847
376
758
555
868
-490
-811
77
-8
-588
-559
534
637
487
-266
-788
-523
1
-867
946
-922
987
473
769
-461
782
-611
-425
-289
-555
665
268
-980
948
396
251
-159
159
-528
-244
336
-853
561
30
285
455
321
453
245
64
785
-483
-840
-652
578
-497
-580
-816
-274
-955
244
158
-351
-453
950
-519
-353
-642
601
-966
-116
-332
429
527
755
276
15
-866
226
-106
-283
-571
-736
1000
-343
-283
707
-154
825
52
-963
838
-562
47
-413
487
633
444
41
-401
-721
110
-401
-133
796
-98
47
-486
-605
-75
-934
-439
344
351
641
969
482
-31
712
-362
931
963
-653
-914
-938
-306
-353
158
795
-334
-872
-86
-461
780
-72
500
797
792
426
921
568
557
696
399
472
-565
396
-882
-413
-560
-525
524
18
-136
121
-572
-825
325
824
493
153
584
-681
11
-586
-710
939
223
-137
72
-92
-921
766
670
938
-35
-950
-444
501
-123
-377
572
892
491
651
340
-272
-783
27
887
649
376
393
51
-659
-953
-388
-563
722
-454
-972
-130
353
626
974
606
852
-779
-927
917
854
-262
-895
103
-866
-796
344
-531
-502
401
-361
-661
-518
39
-739
963
91
320
556
-4
-331
-247
868
366
652
936
274
-827
-497
549
343
41
-663
771
-97
-876
-74
392
-939
-822
-379
-454
916
-226
452
-86
399
-933
413
-128
-412
-423
684
689
76
650
-506
-752
35
770
968
-891
-614
946
260
-867
448
-763
-387
-655
-310
837
-371
-108
322
-727
646
-19
-295
-784
944
833
106
178
559
818
136
269
650
-383
-390
367
901
-58
103
-352
-524
155
-909
-242
-343
742
-850
272
-856
974
-383
952
371
-989
385
-643
-610
-372
-109
-678
626
-966
485
570
689
210
-370
230
-622
-960
881
-309
366
-155
912
-470
-671
-473
-149
-961
196
-132
-292
-715
231
-457
168
-729
-917
529
939
-340
744
-585
765
737
132
318
971
651
-379
478
-306
229
-366
-235
395
195
-458
568
135
32
-157
-880
27
-972
-820
443
-645
-429
-665
362
805
-487
734
-480
-619
146
384
692
-1
-393
247
-717
-983
-74
172
-728
-779
-285
167
-707
320
-750
-280
171
505
997
833
254
778
164
304
59
-217
265
-114
-802
-88
806
-171
-615
381
-793
-602
754
428
723
-704
286
309
-655
2
-569
-585
790
-699
660
-720
-98
-886
612
630
-861
955
530
-561
690
-318
-811
746
-702
-279
255
987
-459
-583
244
383
-481
546
-338
685
348
785
285
-123
-750
-507
599
-746
272
-785
528
-672
-98
-887
663
196
405
847
209
-373
-824
-990
503
-156
-484
-715
504
-4
331
-328
-328
-650
-439
21
-211
-877
-876
-334
282
989
952
955
727
809
-177
242
287
-377
-941
833
-295
251
661
-343
8
-937
-930
813
421
-410
-771
-834
-472
-926
780
730
-953
-822
-73
350
-884
-541
-266
-686
-141
-95
656
313
352
217
-909
-126
350
521
839
-158
-216
690
797
957
-820
848
936
-773
-84
861
-74
-734
-920
-310
-836
144
-392
-123
622
994
-583
-844
-223
444
642
219
-956
-337
-244
364
-556
-15
-52
-869
-722
-709
-457
-232
83
-167
-44
54
284
-905
-503
-746
725
-871
-334
-660
-50
18
-400
-574
-741
-647
-290
941
-473
-75
998
-428
-317
-203
-663
577
-686
-159
-926
258
144
-342
-331
-985
-722
-875
462
-34
829
88
544
-378
623
-965
827
-402
-121
244
957
-957
463
-831
912
-51
-992
736
570
326
-372
-410
870
-511
957
-42
-191
-720
-433
351
-322
-952
-365
647
429
-1
-615
162
307
987
974
-292
-121
646
615
861
426
911
-937
262
907
107
506
392
-598
-273
-586
439
-643
802
-236
-989
582
811
464
-187
769
-796
278
54
890
-142
392
-680
-24
-666
950
-957
724
442
641
-446
719
-825
-648
-685
-561
254
-420
858
-2
-270
775
-106
727
-640
-155
-231
-53
484
-945
257
-992
368
-726
-616
852
-623
210
-227
-523
307
-99
-791
209
-808
972
-148
108
228
505
-43
583
681
107
671
-615
-32
-498
247
-695
458
-529
-260
506
74
898
-570
389
170
-76
529
-367
88
735
-437
962
-857
943
33
-993
460
351
-716
-437
914
-63
214
426
-253
-290
372
532
429
603
885
-803
654
-865
-931
-438
293
-305
854
385
-640
-244
-717
541
-564
-640
23
-515
68
-30
-968
-302
-295
470
-779
667
-916
636
-907
-776
986
-990
-66
-188
808
-162
836
-890
112
122
-456
613
-824
-448
-579
-603
-662
471
-553
96
69
621
888
519
165
-513
169
-486
751
154
240
-279
-667
494
-765
-695
-827
-292
-686
-591
689
627
819
-244
329
-72
134
739
-96
-923
-463
-650
-637
778
868
629
623
392
228
323
726
614
678
-667
539
-72
-481
-184
-870
798
-509
-729
-932
570
471
385
747
-108
-158
972
-345
972
895
465
-562
-718
72
-775
-130
-74
-396
-666
-748
-58
-28
433
392
-416
-976
304
-231
-49
-788
-380
-485
-340
235
825
783
-806
-945
433
364
164
-983
457
-776
972
736
970
-106
735
-23
-184
2
-714
-698
-151
844
168
727
-408
-275
-461
-270
-759
-283
287
236
170
59
452
-458
-384
859
-910
479
947
672
-181
-642
176
761
-563
-101
-620
-783
-642
-88
718
18
560
-143
83
-885
-327
-233
-928
795
-999
-191
195
561
861
-564
-10
-166
-722
210
-531
-118
-365
-859
175
-676
-714
-312
501
40
303
-375
-850
625
104
-489
-972
-650
-928
-518
-367
842
-495
543
-851
-146
-658
972
757
-92
978
953
170
887
929
519
-963
980
-100
381
-366
-523
547
681
272
-99
204
340
-921
996
-227
-722
144
-969
-397
182
955
-345
-405
-764
-42
-679
-314
-909
661
818
914
428
799
438
-433
84
179
352
978
875
-744
-110
15
641
402
654
193
-203
453
-962
-536
-87
409
-555
590
-726
-351
109
-838
619
564
-693
-126
990
361
-246
-632
-246
323
393
995
-864
-987
463
-25
620
533
-663
700
-419
-679
-932
-12
63
215
-546
-711
995
138
-797
413
266
120
-274
625
-632
-184
-333
850
300
-606
342
-873
-157
655
858
946
236
-83
-344
649
417
119
-519
722
159
-677
-754
862
-270
-649
-471
-471
-22
39
-874
-532
-435
604
767
-842
313
-695
326
321
605
987
-253
-759
-846
999
149
767
691
586
-513
-492
-149
86
291
-349
731
-587
-806
80
-690
314
-684
438
-16
-477
9
-660
-543
-465
-854
-586
-512
-77
223
-716
-467
-712
-929
826
-323
-621
579
-956
-301
-303
-70
868
-550
272
916
743
104
-979
-228
991
866
776
553
-818
-921
836
-633
801
-953
682
-296
671
26
955
567
-602
-639
366
-976
625
-235
815
241
940
-26
-793
457
810
-433
156
-112
-383
667
-849
668
-44
944
-652
304
-772
-529
-714
92
-823
-747
163
-762
-235
-38
-544
-476
100
-58
531
501
-216
-965
236
516
846
-284
912
813
808
-566
891
139
643
-841
192
-851
850
-558
-141
-886
960
-412
-617
192
-720
732
-623
915
584
569
130
-902
-829
829
-639
855
364
327
-269
612
780
711
845
-706
-378
-654
-678
258
-161
767
707
18
-846
-126
889
-695
457
-199
560
-90
-551
-669
547
631
-730
-48
55
-698
938
45
947
-201
102
-90
-746
718
306
380
32
285
-323
-478
703
265
699
86
926
-430
-39
384
-851
133
-941
506
-497
-590
127
121
-885
-355
601
347
-6
963
-446
-997
-709
-752
719
162
-594
-1
327
667
856
-426
-710
-281
-925
-127
-286
-422
-802
-399
390
-607
81
662
673
-526
251
-527
-405
-360
128
-922
-725
-59
-814
599
-51
77
326
766
-159
-140
-377
-613
195
109
638
595
423
29
763
-298
-652
680
732
-202
506
-824
677
478
-611
-242
197
-638
-154
-490
-97
-186
-400
-747
-583
-168
970
-175
616
91
-24
584
-490
-809
-946
961
-247
171
-922
-102
578
-335
-647
57
-158
-230
938
-338
447
403
-883
862
202
797
-166
954
440
-615
-215
-848
346
-662
956
796
-48
-582
-352
796
834
-401
-554
-526
606
65
300
-841
660
-882
399
-383
448
146
929
-872
-152
-529
-327
400
-965
-48
443
752
-406
-141
-422
-358
959
-948
970
-989
-156
-782
-916
-757
-158
-884
-801
-756
450
-78
312
-486
677
525
-251
-580
-544
420
-335
857
-353
398
527
-933
-348
-436
-240
-647
-364
208
-597
-732
-359
904
529
854
445
-687
602
-716
715
201
-682
-299
357
457
95
39
-841
-162
-12
267
-878
-744
-655
-452
874
-740
-634
-75
933
160
-349
-62
378
771
-580
483
117
-353
649
-217
363
-609
653
-240
842
540
10
980
923
-873
136
114
-738
819
-396
-812
304
-359
-505
183
-746
648
-397
-427
956
492
742
130
-126
840
692
-719
578
-595
401
898
242
-659
590
-908
-787
-704
-511
39
649
-456
-236
-43
743
-274
733
-557
342
-403
777
805
345
-676
-277
-364
-117
855
766
247
990
431
-72
-947
835
-691
510
-96
465
499
845
835
640
-162
747
-759
-982
108
-225
152
-367
-308
-624
-833
-353
-500
-824
-826
-754
-704
-269
638
-952
-691
267
639
276
615
-420
-404
680
846
125
-365
23
-694
-201
649
-5
960
-600
784
654
-250
180
-201
-517
-18
93
-307
-479
-878
-687
-381
-428
346
889
-841
-438
-833
837
118
-967
276
-280
50
512
529
270
-24
244
-25
539
396
-436
-429
774
344
-456
188
-701
-101
-315
38
436
-747
474
-231
655
89
-200
-581
396
-289
-263
-915
670
-129
100
-294
-223
556
-153
253
561
780
-755
-725
-496
-716
686
-482
-80
917
-215
-163
-705
-998
736
-763
-850
-381
-202
255
-646
766
397
-96
776
330
541
858
389
-660
398
-536
120
212
634
-850
-290
-351
771
670
418
-67
-157
931
427
360
-904
-283
-313
-287
250
131
46
288
308
992
-438
-138
999
-92
-515
130
355
425
97
455
-115
-147
-689
-786
-557
682
51
-370
-701
704
-902
-466
-951
-852
258
915
-992
197
905
364
-253
937
626
-751
50
152
910
-684
34
652
488
216
22
897
753
796
276
-981
-298
-826
-913
-706
729
579
499
400
762
-562
698
-723
455
482
-963
356
39
-345
-987
786
686
544
259
-429
-813
97
-135
-755
910
375
-797
244
393
-851
-164
186
806
-739
964
-633
510
786
-199
637
834
-826
293
748
-752
369
-525
-401
-612
592
291
50
-236
-180
36
800
-297
322
869
692
734
-689
199
197
-209
663
-364
-415
633
523
-658
402
283
-201
-316
-988
-345
-809
262
-129
871
978
-521
-362
192
649
-156
572
-698
-527
472
140
907
906
-972
800
227
-997
-505
-303
549
-357
-465
-942
-703
-822
174
312
-826
123
956
-484
-974
-678
-524
-166
161
289
342
543
634
-401
-517
-889
-560
-482
427
859
294
204
280
211
273
204
-225
920
-291
214
759
-354
162
-615
-640
996
808
845
-328
118
-829
-284
-382
968
-916
469
875
991
605
-139
422
-726
-687
740
-713
138
-285
-100
-474
72
392
785
-85
973
-902
-752
-143
-699
280
-954
-242
-52
-541
50
667
499
-802
-829
-560
-818
-860
43
534
508
-722
-698
902
585
60
-885
-458
-706
-899
109
-886
-100
830
734
524
561
808
932
-840
371
539
319
923
118
397
-597
271
317
787
281
414
951
841
725
701
432
237
817
614
-662
593
826
974
-754
-918
-311
506
658
824
255
-441
-188
948
109
337
550
794
-587
711
591
670
-295
144
-979
337
730
-372
664
357
981
-194
-688
441
-692
-588
-123
272
451
-936
557
-671
375
-503
-528
-919
212
170
62
-120
-96
-412
516
900
3
-441
-724
-125
-182
-300
446
-781
-865
-738
-239
885
633
-792
356
210
-589
687
-650
885
-645
654
105
-130
8
-611
-314
-664
-796
-865
281
-345
-229
684
300
801
-72
-390
-468
55
-317
-130
183
-31
823
-890
5
726
615
-180
933
808
-692
475
-442
-729
827
273
312
250
450
930
609
323
839
-897
467
289
514
-983
-820
-21
-553
-65
-701
-770
438
673
-901
738
498
485
103
968
-736
863
-839
581
912
763
-120
51
-551
292
358
-104
-194
-445
493
534
248
-529
-576
-914
121
766
935
-483
-367
351
851
204
732
-216
232
-685
-881
-726
-143
851
906
-818
-529
88
-594
-384
-685
-621
-493
-224
918
135
-953
-927
405
208
-260
525
-282
-869
915
-454
-474
-208
-54
-291
237
575
470
248
487
-571
-866
-414
983
-809
-870
601
384
-431
83
-825
718
-273
-82
670
543
-307
162
-675
-252
148
-566
177
-104
-792
729
-660
822
-93
-788
-643
145
-606
975
-159
32
-253
-255
-57
77
-303
-965
248
553
-31
-784
-369
-425
-865
-498
961
945
-97
-299
538
-636
2
143
-448
883
-555
79
118
165
32
144
-664
-841
673
888
-52
-679
807
-974
-229
757
993
908
-643
770
-738
-512
925
140
-632
127
9
60
110
98
205
-63
-687
771
-540
666
-951
-11
637
-608
-5
-141
853
626
-969
149
-305
518
-824
266
383
-825
-611
-354
447
-375
-228
-41
-281
183
286
-971
27
630
425
-971
-943
-189
-363
64
-306
-916
395
-99
734
-146
-247
-151
410
-382
-195
-387
-728
-50
374
-15
447
-249
66
-48
-911
555
593
-95
395
990
356
919
12
86
-996
253
-226
-785
367
-116
-246
652
-152
-785
-514
133
-655
-401
694
-504
-780
-165
170
669
540
42
758
595
-196
-986
775
-600
-441
-799
-993
584
-519
291
806
-868
-305
-393
-305
-993
172
-491
-423
-120
623
-30
-655
71
146
-112
-846
-697
607
739
-297
530
-474
-552
-605
109
373
926
-823
-720
-624
-565
369
-88
159
717
-341
-496
-240
-327
-935
-372
148
-617
901
-392
548
-678
-783
824
-890
789
279
276
884
-151
273
-348
145
-900
-79
-481
958
217
661
-817
-514
-480
490
-438
-165
-423
-366
-731
859
343
799
346
271
-244
967
411
313
-866
-415
-775
-175
899
183
-254
706
-374
162
-664
-333
876
54
336
-667
-502
635
-270
-98
-146
-22
-247
747
202
742
-650
-679
-260
-914
976
-482
581
88
14
-419
-973
-58
-185
-547
643
940
285
-669
4
-179
-589
697
-221
-704
-162
75
-334
965
-73
-141
221
-423
605
-566
-632
244
-195
579
-131
823
543
489
-500
-392
-385
168
-93
-950
-546
203
205
-431
776
160
911
-75
-957
-218
362
591
955
-871
695
-977
-681
571
878
395
-663
383
-897
134
14
445
179
-345
549
-620
-316
92
-929
48
-339
972
477
-431
-823
908
-499
94
221
320
-62
-24
339
926
402
-330
507
346
-32
440
-277
-785
-484
-515
-847
866
860
-236
-635
178
991
237
-249
84
932
-122
-546
619
837
-962
-320
-589
892
-988
-912
72
-972
327
-44
464
827
-272
183
838
-275
678
-754
-481
-282
-560
771
446
-233
78
-280
811
-940
-474
683
-752
141
61
686
948
-26
-640
53
-813
245
-966
632
531
595
-893
545
285
-208
531
249
926
728
494
-427
-856
785
-484
-21
160
48
-101
-330
-844
-741
-443
484
550
736
571
561
763
-415
-467
-656
-504
561
-365
686
-443
70
524
799
940
-988
272
68
-364
-687
-95
663
-199
496
-659
-42
730
933
40
-352
-536
360
728
-615
-963
-489
-436
463
862
-236
-273
658
-661
-495
-368
293
-152
746
644
985
368
-96
-126
-7
126
-870
-54
-674
-137
-517
936
750
-871
-432
209
-863
538
314
-649
-268
645
-900
-122
-172
-294
-801
-198
228
-618
-57
-743
-127
-623
-495
334
661
-631
-571
-909
-174
545
312
-833
-810
-912
-802
-387
165
824
352
-964
98
367
-143
-571
-334
854
-1
64
580
-403
-742
668
250
-355
-395
-39
172
118
751
-282
607
-804
243
647
168
-676
-481
732
-752
9
433
999
-96
161
-598
709
-440
411
-897
-856
950
-428
517
364
568
424
-982
-449
-891
626
29
32
-108
550
-152
-777
377
706
-877
922
-160
-731
228
-624
-2
-973
200
-653
-378
-301
379
290
247
-186
-666
-311
-467
-232
-671
77
585
-574
-767
-670
-150
227
367
-218
193
425
-223
-534
246
306
388
488
592
-731
-552
741
-590
364
671
194
-46
629
-202
642
-98
-782
-193
902
-43
461
528
612
128
249
307
864
-621
792
-236
723
-623
42
-504
-228
299
726
154
-744
-555
440
-504
-210
921
-290
-313
-928
464
286
856
214
-651
-278
242
-169
798
-966
221
367
-276
-603
-374
-688
-221
-994
833
222
-524
-698
102
671
-277
-779
976
-621
567
133
-169
343
-854
-726
-567
904
-27
-56
142
441
-164
977
830
-445
-994
-523
-859
630
77
571
-47
922
602
30
548
-989
-786
-774
-227
-594
259
-162
341
-890
-197
-150
10
-242
-194
720
433
53
367
-436
935
349
-988
707
-105
707
-667
77
765
-381
542
-51
-764
458
-350
-950
-475
528
-218
-821
717
307
287
584
797
379
540
-380
-63
-331
578
803
101
721
176
-6
562
713
961
664
568
-155
-852
536
-652
135
-687
-91
-421
-21
-822
-268
-799
-404
-165
-894
964
-898
499
-421
913
-706
-981
-19
801
792
-283
-913
814
-12
586
81
640
280
33
-50
419
-343
-385
-796
-559
679
-143
610
713
-323
-469
-101
279
-609
858
970
879
719
198
-559
821
376
17
-425
-756
-908
429
-659
-615
160
-290
413
-163
20
777
185
-957
-305
733
-457
761
-309
367
-967
-523
-177
50
947
-580
822
-519
951
243
128
443
379
-978
184
170
-874
-603
319
965
-125
48
918
-953
-430
963
-96
-306
297
351
-877
-520
-349
-362
28
-909
-171
-81
-507
498
185
-685
68
101
-466
-35
498
-622
-750
-51
-722
-685
-814
-645
319
-539
8
-360
69
-316
-333
731
215
522
-300
342
-464
-309
-52
534
-876
343
-959
311
456
-523
-167
165
639
-556
-193
899
-302
-494
-898
539
934
428
-649
-855
-497
-723
890
-846
269
-816
795
-373
697
982
962
-688
332
-93
847
424
-955
-825
-44
451
-99
-816
-334
-728
591
381
328
-324
-748
-669
-561
5
374
-279
286
-818
-16
494
542
718
51
207
-353
752
325
762
707
-129
-544
615
-184
-884
-376
869
-874
-981
-968
87
851
112
-345
960
-611
-324
-511
895
109
-365
-286
439
-204
491
719
-96
9
-160
408
-407
-982
-170
219
-947
611
-924
-145
-65
689
-788
65
56
226
60
502
182
946
-847
-37
429
218
89
-566
340
-464
-209
-166
651
-564
-373
976
-871
-955
377
368
184
106
-220
744
-480
568
-842
-131
-609
-887
321
430
-87
826
301
-210
-802
-648
-571
-973
-719
683
-531
382
750
-192
457
-960
339
-118
-22
969
352
357
945
-421
-184
865
-793
-927
20
503
-835
104
390
893
704
-383
-516
859
48
-653
440
-191
531
-110
-191
259
538
-495
162
-225
621
-821
-622
168
72
433
676
-369
922
555
755
653
883
-578
-313
497
14
-720
312
-879
901
-657
-256
544
885
-923
859
-373
386
242
204
-464
929
-777
863
502
-270
-181
-808
-75
668
170
-888
-851
-1
-847
445
-318
-672
590
-646
423
643
-266
-707
568
928
-163
419
46
-723
-658
651
-704
466
626
-348
-271
724
-993
416
-765
-416
-592
331
829
479
-45
627
446
524
980
-668
355
293
-969
642
-573
-310
214
898
434
445
355
-477
717
-441
-707
-69
-714
297
-825
-49
-94
-264
-510
251
633
963
531
795
-315
138
-342
-113
-972
-727
224
698
-230
-889
11
413
-720
-285
707
-915
842
954
584
-222
-379
-777
349
-800
165
988
379
-168
-877
638
-413
973
-555
809
-917
587
965
399
-250
-433
716
-558
-515
455
-115
31
-593
51
-463
-928
-184
769
530
209
-735
141
149
302
491
-169
1
-959
602
-492
572
-477
-748
-643
-891
282
-112
138
946
-471
23
663
-589
505
-738
-491
55
325
-982
-565
-281
-564
577
-822
322
-449
350
-991
-86
-200
847
-363
-911
997
-844
58
532
-545
-818
598
-682
716
741
907
1
-757
-237
915
769
460
851
520
853
-280
-387
-622
125
513
136
16
573
199
67
-476
-312
-774
-476
-105
-269
-372
-895
-25
472
186
803
606
837
-436
161
977
690
557
656
125
128
-727
-741
212
-435
493
181
-908
929
907
520
-289
889
898
772
641
-139
-59
56
995
-627
-158
-598
340
144
-160
935
-625
-898
732
-132
973
616
-809
704
-73
-124
987
-263
-799
-132
-889
-771
752
-506
352
-433
-380
693
26
-599
754
102
-616
-158
-429
-212
-43
-866
1000
-499
44
149
576
11
635
200
-518
907
728
-951
370
27
395
-417
-34
110
207
335
746
516
922
-467
200
295
754
-666
277
260
956
-346
556
-135
-626
566
-843
-786
889
-821
-69
-363
924
-889
612
-757
-399
-901
78
377
-211
707
-25
361
851
-401
675
786
-29
903
935
162
-1000
4
449
-263
-496
650
200
-228
-173
-453
232
808
441
848
-710
-767
465
506
-183
-834
-638
171
856
-672
382
47
-10
686
38
940
201
430
965
-560
688
-802
312
624
790
-91
-674
391