9876

-1216
-5334
2282
6574
5777
9611
-5144
8522
4926
3726
4356
-7844
2519
469
-2325
9766
-2186
4085
4354
-8014
8847
7104
-4603
-624
-1504
30
-448
-2946
2683
-9984
631
4523
3570
-2832
-4379
3015
-7299
-3871
-9045
-3618
-8896
-72
3456
-828
-50
-2096
4059
5224
-4376
4942
2171
200
737
-3834
-9142
2674
-6253
2339
-8592
4652
6546
3933
9610
-1577
2514
2320
3984
9925
-6814
5895
-4986
2103
-6779
-2067
-4638
8247
9688
-4207
5077
-7232
-7650
-4963
-1118
-7232
4020
-3824
-5933
-9898
1576
-9192
4904
5287
-9936
-2437
-2773
6993
-1835
-3469
3071
6324
-9836
-7552
8480
9303
2298
-2092
-7926
-8544
2704
6758
3225
5518
2051
3925
-4489
521
4779
-5604
6924
5345
4639
-5629
-3537
-4385
-1052
-5213
-3154
-738
-4680
-6354
680
1728
-4324
2526
-1248
-5556
6614
2708
2525
1033
3816
6637
3004
-7990
-9539
-4335
8376
-8147
-2390
7964
5974
2540
-6109
-8219
6926
-494
9654
262
1266
-2512
-176
-979
-9901
3847
-140
5898
1861
2968
8059
1811
4094
-7762
-4066
-5603
5769
5872
1036
8430
-9285
-3735
7948
5009
-5677
5664
-4745
-1915
-6167
8531
6313
6603
-176
9021
-985
2509
3499
9042
2444
9336
-3432
3791
4457
-4835
3485
-5163
9423
-6884
-8846
-8021
373
4341
-9950
-7031
-743
-6674
6639
-6852
2970
6115
-1494
-6905
-5022
-3335
6602
9367
4470
-913
-8107
1488
-1370
9120
-5710
-931
-2283
2867
-4165
-8098
6817
-4331
4486
4007
3045
-2043
716
2923
-6749
-8714
5691
-5739
-1080
3208
532
3238
-4668
-8747
-2147
-9651
1583
4573
-7417
-9177
-146
4070
2532
8147
4397
-1133
-1564
-8936
6530
4212
5746
5705
-1682
2149
5998
6901
-6320
315
-7733
8500
6554
-461
35
6208
-3257
1295
2843
-9326
-1162
3646
1056
-4581
5956
-5539
-4338
-1953
-8506
-8296
-3257
-6254
-8615
639
4031
-2164
5020
3401
7718
5286
2153
-2457
8525
4720
1128
359
-8201
7341
-856
-3627
9750
-8010
-1461
-5277
6252
-4596
8856
4757
-1196
3692
-9201
-6546
1940
-5141
-3118
6469
6001
-1680
-3471
9826
-428
-7865
-6652
-9014
-8863
309
-6697
-9084
9143
-7979
-4113
-3210
-4374
-2778
-1552
6768
167
2911
4125
1593
6618
-7048
2841
-2968
-219
7586
-2055
277
-7243
4343
868
-316
9057
2347
8444
-9652
6293
-5279
1399
7670
7037
-7075
9009
-9083
-635
1237
2095
458
1846
-7811
-3373
1259
-4700
-8142
2897
6488
-8427
-1450
-4820
-2281
9490
9191
-794
1482
-5889
-1095
-1255
9942
9681
1600
-2700
-2451
9544
-1840
-4305
9989
6661
-6572
8470
-7960
-2468
21
2666
-9043
9015
3840
-6301
-7805
-2828
-7370
665
-8391
3821
-3871
1047
5974
-7333
596
9670
8383
-656
7089
1795
-6909
7380
6352
2333
9744
-6528
-9467
-5823
5130
2287
7771
5493
-6419
-5958
2194
-3624
-102
5211
-9965
2529
-8268
-5011
-2910
-1030
-9686
-4093
-1908
-7716
-8364
37
2777
-1355
2922
-6787
-1625
-5767
8219
-7330
4744
2610
-317
-6889
-7908
2799
-435
1317
2243
-8062
-9803
-5303
-3507
8969
8716
4535
-4089
-7623
2005
-697
-9440
-7910
1282
4118
9946
4123
-6608
-6763
3127
2987
4031
-8219
-1382
-927
6879
-7650
-3417
9470
2587
-3678
7512
4141
-5286
6055
-7343
-419
1878
8729
9149
-1289
-3160
1737
-5534
5263
-7911
874
-9249
-3474
3797
282
-8587
8942
-4573
-7354
-6808
1491
-9801
8725
-8212
5178
5400
8857
-2761
-3039
1183
6061
-6411
-4192
1162
7597
-4660
6818
1207
1287
-1340
-7306
-2763
7816
3262
6559
-4680
-9688
-857
4715
-8668
-7489
4542
9158
-2258
-6969
9089
8376
5452
-7984
1337
-9196
-3517
7362
4030
3098
-7120
-1265
8926
-6825
7264
4203
-3278
-6146
-9893
7919
-4899
-4953
5043
-8409
817
2717
9409
-9208
-5447
9470
-4352
-1358
9346
-9905
-1253
9511
-93
1426
6737
4339
-7674
-1834
2909
-5388
-1794
-4244
8601
2176
9455
-6326
4721
-9193
9479
4300
-1083
1100
-675
3143
5916
-785
9292
7310
8894
-3830
931
5043
9885
8524
-5157
-3970
1900
1355
-6272
9338
3450
6300
-2693
-3445
-9171
-4575
4823
5895
170
-3002
-9513
8817
9759
-76
-8972
-600
8350
-7653
-3708
-6892
-1758
279
131
3369
6021
-8509
-9875
-2283
8691
1229
4584
2613
-1778
2175
-9497
3823
1346
4834
-8857
1539
-5078
3968
-5073
-9765
277
9837
-1663
-9089
-6632
1605
-3939
5272
-6382
-9481
-4481
8190
541
-8273
-302
6165
5897
-6823
-699
2807
6485
-4119
9239
5334
2306
8280
-9367
1137
5426
8915
4474
-338
-7495
-4422
-3962
7444
-4534
-4152
-3341
7634
8609
-4250
-3721
2958
-5235
-104
7508
7561
876
-6779
9512
-9410
-6479
6433
-9649
-3329
5978
9439
5419
-228
-5076
7589
-9779
1853
-9788
-3966
845
-2616
3044
-2292
-4825
-3539
-5903
973
1944
8327
-7086
-2360
1324
-5966
-5874
5200
9671
-4112
-3199
-5682
-5316
4039
7300
-5722
-2095
-7311
3562
-9535
-9597
-3558
-8952
2295
-4630
-4962
-2423
-6953
-474
3042
472
-797
-5604
1560
3496
-8726
-4392
-8762
-3224
4141
-9369
-8119
1830
8131
-3
6842
-9147
3340
6598
-6395
6372
-1616
9720
-7750
-7993
4036
-7856
-32
-7312
-4577
6997
-6156
6018
9511
6999
-4322
574
-5931
2051
879
4029
-3651
8694
136
-2265
671
-9654
9054
-9206
-7546
-474
-8108
3544
3621
4269
-5937
6217
-8108
2997
-3195
-7364
-7456
-1449
1437
-3570
9053
-6362
30
4026
-8584
-6208
-8719
-5868
-373
-9859
-5073
1297
2314
2806
4726
4944
-9527
-6432
-8026
5364
4550
-8912
770
3684
-5257
9729
-6457
395
967
3129
7237
-3431
-7176
7904
8522
6616
-9156
-5270
-2671
-9951
6677
-9764
-9278
3709
4187
-1619
-6823
5598
7532
7950
7718
9969
6417
-5473
2427
-2318
2933
7568
5692
-1343
-6988
5981
-3808
-9729
-3364
-3949
-1561
2868
9591
1336
-9400
7468
9123
7977
-62
-7297
-5708
-7052
3715
-8826
9144
4430
-3481
538
-8751
9386
7659
-4828
3698
-2222
-3638
8177
-8619
-9933
9421
7074
-9128
8239
-8967
2274
3903
6573
-8316
-4436
-8093
6889
3737
7515
5260
-6108
7496
9328
2173
9302
-2750
-2826
-2715
-2734
-800
3316
-7671
6961
1564
-488
6145
-1296
7717
1608
889
-814
7410
-1286
3302
3786
-5521
-703
-5313
-9386
1072
5027
5533
-6274
9449
2686
3680
-5306
-4151
-8241
-4066
-6971
-4375
-4692
5169
1750
-263
-1767
-4583
-4194
3729
-2853
8393
-8831
-5711
5309
1549
-3200
5664
-2706
-3597
-5089
-4078
5373
8794
-3407
-9060
5909
-4852
3789
5822
5840
-3506
5244
1958
8669
2545
9064
5286
7406
8794
1358
2361
5154
-4010
2945
5032
-293
-4044
-7996
3470
7332
3344
-6361
6454
-1600
6328
9104
5714
4427
-7743
595
-1844
-1258
4072
8942
-4851
3393
-5954
9129
2073
220
-6450
5178
-2085
5156
-5161
-2833
3527
3797
-8005
2051
7007
5984
-3084
9713
3702
4573
-4564
5960
574
4794
-7558
-8172
-7022
-1216
7054
-3110
3227
6906
7132
-8334
945
-2895
4524
242
2965
-5551
-6348
-6571
9650
-447
9269
1232
1969
8201
6539
-6134
-4525
-507
-1616
3913
-9532
8803
4957
-3457
-4323
-9861
-5854
-7437
8360
5231
7959
5286
9809
-3530
-27
-1123
8726
-2740
2449
-8571
8307
-9128
-9083
-7435
-9405
5207
5737
-7876
-3663
-5811
2967
2359
2230
-1303
2643
-2760
5871
8390
-931
-4653
-7789
-7476
-3507
-5802
-8664
-8043
3698
6854
-7092
4901
-4916
-7604
-8445
-4865
1072
2872
9410
-8187
6629
2472
9333
2944
-3450
4871
-5805
-2030
-8901
5031
286
5472
9190
-8525
6446
-2117
2571
8838
-1946
495
-2286
-5585
9190
4173
-1223
-9655
-7578
-661
-4754
-6648
-9898
-3405
-4098
-2882
-977
-2192
2475
6435
7049
-1660
-8061
-5224
4893
9443
8581
5843
-8326
7511
-975
9921
4843
-7395
5829
6461
7759
9673
5401
-8112
-8188
488
728
-8250
5133
9849
-1068
-6236
-9260
413
-7167
-1582
-9169
-9898
8859
5917
6242
9065
108
695
-5402
2669
671
-1813
-4903
-6520
7460
-8065
-1939
902
5304
8797
9662
-4127
5498
-2672
3867
8400
4311
3962
-9481
5853
-676
-9176
7483
9916
-6064
9975
7531
-6133
-4813
-3576
-4452
-3632
-413
9172
-8346
4599
1584
4516
3740
5470
-5540
4414
-7264
1321
1047
-1819
6304
1435
9466
3964
-1386
8195
-8056
-5993
-4116
8378
-2097
2187
7503
-9730
-8959
-3909
-2703
-9021
-2409
-2443
5955
-5022
5174
-1658
-4076
7594
-9664
-5680
-3238
-1805
-426
-1217
1961
-6692
-4061
-3066
-1592
-9142
-8194
75
-8527
9922
832
1070
-7208
9002
-6214
-4187
-8689
8376
-6466
-7038
3366
977
7203
-2594
-5872
2514
-2478
-9259
3623
4970
-966
2416
-1557
-6329
756
9113
-6652
-9640
-9189
3066
7277
1185
-8539
-2173
-554
-8029
9224
-7189
9681
2835
184
-3060
-8224
6005
-6765
-4008
-7359
-8397
-5063
6800
9931
7286
-8463
-129
2362
8457
8185
8119
-9468
-2204
-4796
-2990
2444
-4056
6527
2684
2042
-7570
3256
6380
1939
8915
-7254
-2820
-6247
4042
-7654
-8065
369
3867
3785
-4617
-5764
9088
-3519
4169
-3514
-6313
-5545
-2044
2683
-4597
-9424
-8475
-5737
-5022
-5697
7623
-8989
-1917
-6172
-987
-8761
-64
7632
-5608
-5448
-5241
7015
-1289
-8240
4963
-2735
732
-8169
4905
5104
-1850
9651
-7580
-9990
-5631
-4392
9320
-8420
2363
-5920
8133
3972
8010
701
5013
-4692
5536
-8361
-7032
9248
-185
958
6942
-5152
-6443
4767
7326
6805
-758
4649
8528
9925
5662
-4355
3007
-9574
-9989
4944
-9757
-6087
-3555
5419
7792
-8515
-9661
-6038
-8058
1282
-3069
796
3901
2230
-8948
-1888
-9621
-3854
7131
-1127
-4730
7857
-7543
-4247
-4093
-2388
-1401
-8793
-2596
5869
-7807
2588
777
-751
-656
8853
-5998
4583
-4742
780
8686
-3558
8056
3358
8171
-5300
-6410
-2537
-1057
3111
-2603
-6425
9751
97
707
9483
-3715
-9470
8000
-3498
-8663
4568
9977
-5114
5441
-2187
-2864
3371
24
4971
-2536
2835
-3119
-9364
-9059
-1182
4987
-5029
-6834
5878
-5440
-2067
-6922
6696
-742
-8822
8070
3665
-9192
4078
5938
1690
-3490
9240
-6044
-3535
243
-680
4148
-8051
-4711
-8215
-9194
-9579
8486
-4314
-1284
-2304
984
-2531
5804
4277
-3537
9386
-883
1185
295
6026
-174
5741
7834
3847
-6057
3337
-2889
9799
-5065
-8658
9885
8974
8833
-3658
3226
-8158
-8245
-6795
-4171
-5881
9952
-9160
8395
-3137
9501
286
-5683
9509
2591
1121
-2442
-8526
9775
587
-9115
2340
9569
-5744
-2093
-625
7517
8737
-8339
6098
-1915
3666
9753
1263
2158
2008
2247
8498
7140
-3348
6366
7003
6993
7888
-6764
-1089
-6616
9214
-8502
-5341
6198
2944
4461
-2192
-1808
-5028
3810
5971
7564
-2806
-1926
-9041
-9461
-8523
-6358
5892
-7267
-8460
7497
-9305
-2733
9691
42
-5229
-3646
-3462
-7696
-9456
-2175
5407
-5177
1934
-8437
-9337
8782
221
-8824
6495
800
955
-2886
4993
9828
3144
1351
-4534
2127
6156
-2937
8366
-4513
3063
-9178
7708
9732
6089
-4146
1363
-1132
-9321
-7472
269
-6857
2654
4843
-5974
-8817
8918
7127
-4265
2177
-5400
-1027
-772
645
3102
-2988
4100
-241
9782
9301
9506
73
-9935
-9179
-879
4441
8131
382
-7763
5653
-6952
4581
-6411
5017
6752
9199
1593
7876
-8705
-848
8972
-3188
1190
7416
-582
-3440
-7807
2463
-3969
363
-2058
79
9255
-8850
-232
1621
-1760
6195
5328
-6882
3427
9876
4845
-2671
9049
-6192
-2586
3653
9272
7144
-7646
-6261
-2828
7225
-4123
52
-1971
-3277
-2374
-4026
-7314
-1832
-4930
-5578
4252
4644
-3052
-3699
2753
-1845
8953
5177
1342
9585
7398
-3356
-432
-1156
-8025
8041
354
-4128
-8065
8995
245
-8312
-9344
2991
2198
-3433
-2177
-7623
3685
-9046
9195
-3700
2286
2006
-1095
5282
-72
-8476
-753
4992
9056
-7436
3236
-6110
-2032
-4931
7312
2650
1254
1993
6186
3620
-8593
9903
-2218
-1627
-7515
-9939
7679
-7204
5978
-5894
5093
-4624
-6579
-3259
-4607
-2972
-4745
-4163
-7730
7135
6775
5917
5255
-2918
-6907
2545
3243
953
6490
532
3939
4084
499
-5329
-1961
239
976
-5505
6344
-9723
-5701
-66
-6327
450
-8573
-1965
-2419
-4
-8346
-3088
0
-8827
-1703
-5267
-8124
971
1335
4691
-3854
4787
6512
-2717
5424
-5466
6752
-8693
-6686
-1149
4697
-5040
3708
2396
-1307
-6206
-103
2394
-7134
-6551
8113
-3533
-3541
1394
-7608
-7370
2686
8622
6225
9630
-8625
9069
-6215
2970
-7957
-1856
-7378
5080
-5728
8528
6061
-6538
7504
7261
-7675
6292
6019
8043
4691
8687
7979
-7313
-7815
-9275
-4958
-5057
6369
7544
-8364
8917
168
-6775
-9465
-9307
1789
1387
-8236
-368
9751
-6462
-1629
1230
8045
5025
-4821
-9819
48
-7311
-6359
3274
-4026
7954
-6543
584
-6747
-8634
-8228
688
2607
-7385
7725
-3497
5314
-5599
-2395
-1016
-5872
8659
-1437
7194
1603
1670
6904
-2412
-5409
-5608
9618
-289
7264
-2629
-4017
7460
5777
-8372
9661
-3578
774
-1485
3233
5411
9879
-8610
3497
207
5284
511
-3826
-7039
-7076
-9053
-3110
5524
-302
4602
7026
-4031
-3780
7208
-8534
4980
3789
4157
4354
3354
-4146
8823
-1965
-3207
-7616
-5022
348
-2412
-6578
9333
-5504
7720
-2921
-6999
6364
-7177
-4909
-3410
1603
-3066
-8730
5622
9885
-8427
7710
3598
3919
-3936
5929
-2620
19
6782
4298
-6121
3401
9656
8829
8124
-4276
9401
878
6384
-7840
3200
5625
-9088
-2581
9178
8751
5856
8890
-2097
-4612
-8602
-3509
2344
-7695
4303
-4124
-2612
925
5511
-904
797
4420
179
-327
5380
-4571
-4711
2318
5689
-8795
7877
5502
-5199
-8677
-8819
-9157
-8724
-2642
5336
7284
1719
9447
-4209
6966
-5862
1833
6963
2937
7907
-359
6514
-4190
-3004
8579
-8006
-4311
-3686
6501
6673
-9364
9405
8798
-6198
9719
5382
-5516
4949
5859
-528
-2126
-3581
3956
9386
-4720
7845
-4576
7880
7009
-6594
-4932
-5595
-363
-6501
-2329
2347
8028
8246
7725
6983
6534
1489
-8278
4960
-8105
8980
7891
4043
1344
-7864
8430
6089
-48
-1595
7084
-5126
3616
-4908
-6439
2122
-28
-7235
8968
-3603
-2748
417
-2514
-9959
3469
3821
-6407
3422
-9897
4183
703
2262
2563
-1126
-5182
602
4810
-7056
-2035
3582
-6063
3394
5326
-6656
9974
-2950
-733
8757
2985
3581
3357
-1134
-1502
-5722
3063
-9062
2031
2547
-6449
746
-6408
4339
3805
6212
2301
2427
3708
-1100
6562
-1096
-9936
5461
-6599
6525
8059
-6942
631
-7774
8126
2874
-9172
5468
8892
3160
-2193
-9843
3891
-7901
3680
2351
-7139
7124
-5740
-828
8668
19
-3413
-7580
9508
8092
-6890
-4480
-3590
6686
1264
-8299
-7021
5878
-6061
-9362
4798
-5450
-9244
-7637
-7607
-8838
-6402
-5663
-9230
302
-5569
-2496
-4388
5069
-4577
-6812
6641
-5318
-8460
1680
4868
5980
4602
-4201
1879
3633
9096
3830
-386
-9069
9538
4254
-6924
-3836
-3472
1320
-9443
-5100
1612
6830
-1858
9225
6518
-9983
1009
8490
-5269
8867
-4111
760
-4825
-2298
6653
5817
9611
5219
-9634
-6622
540
454
1493
-5776
9333
5515
-1100
-889
7880
-164
622
-4853
1427
2302
4757
-3101
4737
-70
4103
-9195
9311
1281
2506
6444
3966
4579
6552
9138
-9427
-2013
-5655
-7945
191
1977
-1666
-4604
-6840
2539
-6990
-5620
2214
4929
2805
-5046
-3963
-9833
8028
-179
-3246
7385
8351
1016
3975
-7965
7992
565
1750
-2327
-3575
306
8433
5725
-559
-1133
6554
4857
3085
-4212
-2490
8051
-3370
-8723
2342
-7959
3096
2522
-9912
6325
-4374
9390
-45
-6947
-5839
4795
2689
-3512
-3019
2419
-8520
-8309
-3065
6177
3266
8631
-5869
599
-4496
-8473
8589
9501
7949
8270
6382
-8251
-7072
-2405
6725
-790
-3064
-2970
8205
4343
1668
-6799
-1524
861
8727
1594
-3074
8047
-5622
6384
-3350
-9497
3603
5467
7217
-2050
1112
4883
5763
-5178
-6179
461
6440
-7328
7998
2126
-219
-3936
-9258
-921
-9757
4829
-2553
-8456
-2277
-4733
6559
7756
-756
9893
5680
9851
5849
-2521
-587
6969
-1026
8829
-3340
2264
-2172
5756
8533
4374
-1770
3119
-6453
-2810
4603
-9170
-3841
850
7584
-2708
-7015
4057
615
-8373
3696
-8952
8438
31
-8274
473
-8010
3391
-5280
1979
-8733
-8594
-5494
6679
-110
-1371
-7001
7946
8023
-8844
-7248
-1432
5607
-9767
-7863
5418
4437
6072
3066
5206
3593
4078
5088
1672
-869
-4742
7846
4976
4781
3344
-3344
-5731
3690
-1509
-3554
392
3020
-193
-240
4442
-6682
2076
-8524
6239
5505
-2640
-4229
1430
-7780
-4401
9695
4878
-3350
9665
-4262
3646
-92
-74
6264
6559
-806
5072
1018
-3466
4337
6841
-289
5850
-7009
-1202
-4490
5606
2334
-2107
-8715
-9760
7588
-6199
290
5880
-2779
1134
7063
4416
4069
-8567
2011
7722
4141
-5265
8548
1884
548
-2336
5779
7069
3457
-1551
-7369
-4500
-7121
7072
-4154
-3468
-7930
-2842
-3647
-5898
-9458
1615
-7444
-7179
-5740
-90
7956
8769
5654
-8366
-4935
1714
-3744
9247
2611
-8487
-1799
8116
4331
-6417
5224
-9849
-8808
-748
1009
6541
3719
-2960
-1745
-7841
-5002
3115
6881
-6319
-6060
-5578
4802
-986
-6008
2841
9437
2285
8663
232
9603
-2842
8148
537
-8891
-7259
-2998
7952
5876
4158
-8735
-7155
9430
-4137
-3643
3659
663
-4936
3
-2247
-2184
-1278
-4885
-6995
-3651
-2355
-8486
8445
-9260
-307
-3801
-4137
4573
4755
-5978
8790
2309
-153
-1974
-6947
-3232
1204
7582
-74
929
-4940
8530
-3612
-1189
5038
-746
6084
2806
5518
-6965
8335
-6144
2338
-7023
-2643
-5056
-3337
8774
-5484
5804
-782
-8008
-7119
-1663
662
7887
3094
-4496
-6456
-1735
4486
-9737
3637
6723
-1787
5464
-4615
8406
9927
2514
-8742
-7681
-9451
-7967
-545
-8704
2162
-5628
-7447
3132
614
-6300
-5886
-9763
2269
7040
2816
3669
-5699
-592
3183
1834
-8317
9742
-9249
6916
-3995
2460
5015
9950
6049
4710
7492
-8492
3610
-4469
-5200
8642
390
-1364
2279
-2926
9250
8728
5076
-1786
-4238
1083
6796
-655
-282
-31
-2635
-4399
6906
6739
955
6309
-3321
5762
-5735
4604
3044
-94
-8465
9483
3133
3875
-9527
7792
-7644
-8059
-501
9966
-8613
-3343
1581
6905
-7440
6349
-6149
-4246
5486
-1655
278
8584
-8898
-236
6817
-1165
965
241
-1103
6278
7066
-2537
-9256
-4404
-6998
-358
-8474
6336
8288
-4486
3361
-5499
-7833
1211
5815
-7550
-7276
-70
2046
4688
-4410
-8790
423
-1034
-1989
9178
7609
3537
5447
7215
-9426
9626
-1199
8695
-5620
-9474
-2744
545
-2448
8909
842
264
-5405
6575
2359
-5380
-4299
3154
7938
-4040
4339
-45
-5423
-4129
1034
2677
-8276
7785
-2463
1029
-5187
7948
-1212
347
-9349
8412
653
-9286
936
-5615
-9895
8819
2560
-2747
3867
7250
312
-5739
-2303
-4268
-257
4393
5872
-987
-7517
-3902
8655
-584
-9503
6646
-4016
-6824
6686
-4704
-8623
-6061
-8994
-2799
-8516
-8334
-7941
-7063
-9605
-6667
4458
-164
-7832
-3264
8319
6268
7892
-5922
-4892
3035
5153
6736
2442
2701
9818
7112
595
-6221
3975
6831
-381
6706
7502
-9912
7626
-9014
-3134
-3614
8151
5546
8264
8145
-8915
-8432
-3102
2064
-6649
-7533
-1855
-1630
5241
4606
-2235
-1692
-1461
5254
-4714
-8530
-5316
-3473
645
-9727
-7440
-9845
5423
-3720
-8179
-4015
-9233
-3481
-8814
-6557
-5507
-5932
2800
-9395
-9374
9549
-9498
410
-7838
-2277
-3695
7184
-6996
-9027
9206
5863
3875
2961
-4838
8926
-6151
-7796
-6939
6336
6031
-6007
5762
-6518
-5253
9391
1785
-7849
-8865
6110
6813
6178
-6919
391
-5765
-7483
5560
-3418
-837
-4683
-1916
99
5033
-1562
-9951
-992
4878
-1476
6671
6057
4775
5554
-4124
5532
5709
-725
262
526
-4375
-9418
-5623
6817
9904
2880
-7812
8832
209
6635
-963
3516
7960
931
-8035
-2390
-280
-185
8513
-6626
9165
4768
-2159
-9634
9645
-8012
-4844
-9194
1721
-4899
6351
1452
-53
9867
-9825
2441
-5318
-2651
9932
4557
-7533
817
2529
1368
-9421
2535
-3993
-6609
6010
-7456
5273
7576
-4577
-825
1037
3628
2560
-8361
9205
7210
1154
4348
-3514
5832
1458
-6935
7735
-2572
2844
-7781
-5979
3701
343
2559
2502
3367
5216
6097
-4121
5715
130
-4553
-3895
-5256
-5940
3753
5070
3133
9078
3052
8881
2721
3432
-2058
-4623
2725
564
-2994
4784
9380
-9929
35
5245
-2060
-5866
-2798
-3638
1311
-9190
-440
-321
6947
-2979
6643
-2169
-2149
6301
827
5928
4217
-2159
-5053
-6738
2153
1470
-6684
3159
1581
6608
3397
2759
-6998
3741
-9058
-4283
-1623
2941
7838
-7653
-9951
3566
8763
3573
9660
7777
-9189
-6827
-654
5825
4614
-1278
-1574
-7492
-8803
-235
-5937
3551
-8073
-3828
5914
-9305
-672
-1071
-3043
-8342
6049
-3947
-2259
-3259
-7129
3281
5557
3866
-3409
-2600
-2427
-4692
-6563
-2662
5398
-5847
9492
1015
4464
8302
8658
9987
8986
-9975
-210
-9872
-7376
-1104
-6497
7937
2043
1383
558
-329
-5872
4278
-6195
-2899
9107
-6738
7891
-6440
5910
2621
-9523
1425
-5470
4212
-5194
9987
4990
-7800
-7120
-8008
-7308
3053
6087
3977
-9946
-3965
8683
-5005
-7957
-2051
7682
5640
-5131
-4158
2486
1643
3482
8608
9447
-3195
-7240
-9018
9660
-5125
3276
-8062
2438
7583
6870
-8280
-9385
-3013
-7859
-2863
1732
-3925
4822
8472
-8273
-4342
2099
1119
-5599
-3313
8670
5371
173
-7799
8818
-5920
-6463
7841
5203
3108
-5107
3547
-8078
-2521
-7108
6382
7444
4821
9814
-2068
2719
-1686
6355
9692
-1961
-2108
1587
4348
5677
-2073
515
573
-1226
-1716
3807
-9925
-5677
9544
-8518
5033
-4359
-4144
-1116
-8184
1864
-8253
-7755
5834
-5317
-383
3415
5021
8224
-3580
3718
-5568
-6549
-5313
4493
-1394
6243
-27
9235
4537
6497
-9097
-3716
8015
4586
-9585
5021
7326
-8827
9401
-7218
-2386
7281
5302
-633
-536
-5120
-2190
-1051
-3455
-6517
3507
-1578
7948
-2145
4835
9934
-8926
854
9431
8252
-7645
-3276
7590
-9495
850
-8810
-5982
9201
-3885
8732
-786
-4726
-401
-3621
-2616
6794
7687
-5454
98
-7525
5036
8981
3632
9146
-6622
4957
-2008
-968
-8402
2753
-9149
971
5101
8046
-5649
-1085
3794
-7426
-6560
7427
-6259
-8345
-7966
1990
1727
6360
-2451
9538
-8382
3313
-6127
-8371
-2024
-6177
6462
-9352
1232
1645
3932
2975
-3776
5814
3263
2129
4429
399
-4861
-3473
6603
-9484
7512
-8655
-3561
4688
-5602
-1199
8131
2688
8560
-3016
-2926
-6398
-6386
-2866
8937
712
-9857
9807
7808
-3202
-6769
-8609
-923
1687
-1018
2692
3786
-688
5871
-9265
-9648
2416
381
5581
4589
-5963
-7638
5744
9676
-2608
1197
2214
-6968
6656
-3912
-313
8560
1224
-177
3509
4450
6474
-6419
5221
-6194
-2874
-8547
-4595
2046
1126
-8012
-4975
7608
6480
-2606
-9244
-409
-3420
-8563
-9002
-3309
6543
5174
-7717
1688
3944
3513
-3916
-7424
8430
-9315
1808
-864
-3015
412
-1384
-5482
1721
-9876
-3642
-8463
4704
4120
1222
-9393
-2778
-9741
6145
5189
4320
3903
-9209
4564
9481
-7843
5854
-4471
3150
-6796
7948
9281
-7535
2888
-9885
3097
-3477
-8314
-3868
-8629
3208
9134
-9008
-1800
7385
672
6857
-8824
8784
-7993
7578
4930
-8771
-7879
-7646
-8020
4568
-498
-3469
-3440
-1576
6821
4073
2581
-6747
2846
190
372
-1811
-1401
8092
6663
-7335
-4416
8961
-7268
9836
-3432
8459
6772
8275
7477
1461
8873
5599
-508
-777
9355
7853
-4032
6710
3367
-9918
2444
-6011
3169
-6688
2929
1215
-5898
-5612
-9889
2187
9351
4981
7013
-4445
3964
748
-6839
-5007
6576
5385
-3767
-2935
3208
-3329
-892
893
757
-301
948
-7860
7184
8698
-1813
4389
2641
1576
7400
-6284
8373
-270
-321
-6494
8229
6835
951
8755
1617
-5452
3891
-1594
-3898
9646
-7432
-9435
3351
9545
-2642
-8927
949
1622
3048
1670
-3417
-4862
7145
3131
-5134
-8155
2398
4638
302
2429
-1433
8417
3402
8416
-1343
-7111
-759
-9925
-2287
1119
-7497
7948
3540
-1012
-8151
8580
3825
1195
-6914
-4272
9251
-3558
2164
6101
4749
7403
-7488
4559
9482
6237
-7778
-7061
108
7576
1169
9274
-5199
-634
959
8696
8664
4917
-9641
-5004
9864
1919
-1825
1720
-2072
-4009
5134
6633
-1177
-9417
8506
5754
7669
5984
4059
4029
464
698
7624
2214
-9055
-6530
-3489
-7957
-3208
8274
5199
5101
-982
9124
-5995
471
-1314
-7813
9919
-6975
-8925
-7450
-9855
-113
-6976
4923
1639
-5319
7619
4910
4581
2409
4260
4878
-1101
7230
-8139
-2477
3208
9931
7529
2725
-1568
-1492
-5834
-5858
5792
-3874
-8724
4219
7235
-7716
-2359
6564
4047
-2525
4365
-7601
-5959
2618
-2572
7695
-4759
1159
-1988
-2196
3403
-763
4382
-314
3120
-8629
-5997
4989
1948
-2861
-7444
-6717
3519
2883
-4403
-3581
9861
-4178
-2470
-1983
-9785
-1329
-1364
3755
7968
3036
-5165
-3103
-8434
-9021
1629
8021
-5831
-854
-7486
8258
8238
3014
-4979
-8276
3933
8413
8050
9569
-2588
6189
6157
6880
4268
-7628
-39
-3942
9558
-362
5034
7902
-6667
7960
-3867
-8242
-201
1228
802
1764
3852
-810
-8926
-4843
-3819
-750
5888
5331
6091
4368
5743
-910
9400
832
-9749
-5098
-601
-564
-1338
3520
17
882
3756
505
4856
252
4116
6599
-5600
-1051
-190
-4689
-4805
-218
-9837
-6198
7093
4456
5809
-668
-364
-2629
-6785
8716
1879
7783
-8546
7849
-1849
2349
7337
-1024
906
3291
-3649
-1421
3512
4471
-7556
1043
3360
-3987
2620
-1572
44
-1974
1501
-1029
440
4055
4369
5414
-2245
-553
-2485
-9272
7553
5202
8500
-331
-5144
-4515
8571
1937
8198
-1345
4226
-4193
-2763
8246
-1084
3201
9079
4510
9091
-6572
9127
6722
8986
-1200
-6575
-8054
-8344
-4164
225
-7853
2036
-985
1113
8418
7438
8736
-7942
-8175
101
3830
9314
-1998
-9710
-9298
9932
-2604
5890
1604
-8164
832
-6829
-5927
-4022
-1115
-3675
-7954
-8209
2884
9017
1714
-1747
7265
175
1880
-1018
-7848
-4841
-1923
-6900
-2932
-4906
-8715
-4754
-7647
6258
798
3064
3290
7918
5749
-2821
-1020
5961
4255
1748
-1736
7655
5554
3362
2882
860
-2293
-8254
6109
-8511
8950
-1423
6877
6277
6436
-8305
-5047
-5601
-3681
-8868
8902
-5275
7422
5043
1387
-5197
-785
3512
-7596
-9080
3560
3652
5217
-1301
9771
-1976
-6295
3506
-2644
-7693
-9077
-7689
-7652
-6899
2100
9092
5797
-7173
9380
-7516
5757
6655
-9458
3383
-7738
8965
-3954
1717
-5643
6073
-5667
1904
-5913
-6400
-8612
-7874
9211
4796
5999
-2272
-7772
2218
2902
2097
-4844
-9389
-2404
5384
-9779
6757
7143
3930
3798
-2207
4452
1525
-6468
-5458
6519
-9499
-1994
9627
-3813
5440
3223
7980
4255
-6316
-227
-7048
-4433
-8131
294
-4070
-6131
-7509
8783
7446
-2591
9189
-2100
7019
6208
3351
6814
4029
9254
-3881
-193
-406
9873
2826
-2136
9818
481
8267
-2434
1579
6268
6144
6136
-4649
5894
7749
-7388
-6883
8755
-8985
-5589
785
-2859
7156
-5423
-290
3970
-6232
-2858
-8993
-2385
-297
3556
-2401
-1435
-789
-7423
4165
-4873
6315
3555
901
784
1363
8055
-3171
1303
9305
5126
-9677
3747
4418
-6510
-666
6116
-9189
2292
-5001
-3453
-2775
5982
-9191
1991
6089
-5405
-3206
-8214
-3318
1395
3754
-941
7428
2112
4445
-1681
9797
7316
-701
8803
-2276
-2366
-3701
-3030
-857
3716
-7303
-2447
7669
-4783
4726
2093
-9434
-6864
-8451
-2051
4202
-8580
-1112
1265
-8123
-5413
1892
5098
-3179
-4881
-9177
8820
6090
2687
720
-1005
-2525
8076
3143
-4796
1157
-180
1333
-6577
-8991
8487
-7518
-4183
5552
1422
-4144
5304
-461
9048
-1672
9995
-1715
-9275
5135
-4970
-3393
3354
-2311
-6589
9155
-7452
7724
5910
-8865
8489
-6948
-1710
-9451
2565
752
-269
2718
-1223
9574
5085
-8422
-3283
1872
-7858
-9004
64
262
-2747
-4605
4340
6338
-3730
-5782
-578
-607
-1089
-1880
-9387
8774
-7929
9730
-6889
1801
-1165
2636
-4739
1433
6237
-3216
-5822
-7787
4655
-3766
38
-8221
5066
8384
-8985
-6946
347
6592
9237
7789
-9697
7596
-8480
7502
1280
-9276
-6659
-7650
-899
-7177
-973
-4866
2268
-7330
9005
156
7416
-7514
-550
3950
4183
7133
9980
9088
-9272
-1220
-4405
6844
-1982
-5575
-3853
8676
-4904
-4887
2146
6247
2583
-3269
9439
2824
-2853
-5454
-3153
-6266
-2541
1880
2766
7533
-4457
-6730
1911
-9745
4628
-5835
-1125
3060
1918
-7975
5693
-1983
-3038
-5466
-5465
1394
1748
3424
-7162
-2558
-2757
9380
8840
9829
6593
8590
6329
8626
-5125
5206
-7303
3553
7704
3598
4227
-8541
2261
-8213
-3631
8747
5975
3033
9542
7894
-5061
-2210
717
236
2543
8141
-6904
4683
-5840
-8295
1768
-3120
4451
-2501
8124
2058
-3869
6973
5553
9926
4934
185
-808
8829
-5623
-3174
-5126
1670
-5147
-9204
5669
-4848
8897
-1721
2019
-4396
-6602
-5732
3951
-3255
-6534
5150
-1675
4662
-6443
2646
9235
-4868
-8885
-2395
6120
-7916
-9242
-6836
-7186
5392
7347
-6576
8497
-7249
-6622
-2795
-3994
-2589
-6852
-9477
-1032
4085
8337
4155
-6169
859
-3061
-842
-9770
-4827
4267
-2671
-5712
-8526
-1183
5970
5589
6935
6689
6288
8374
6973
-8879
1943
6879
1787
9279
2690
-4795
-9841
7238
-5780
-2105
2964
931
9250
7079
-8387
3883
-4387
-8260
-2692
6082
9750
-3884
6857
2689
3001
-893
9638
-2592
5404
-6810
-8141
-9735
-562
-5417
-9342
-4639
3856
-4820
-4366
3353
1237
2326
5978
7108
5027
4050
-7138
-9735
-7165
4207
-9077
-9750
4740
-5578
-1318
-3860
9700
7414
-8492
7205
6150
6817
-1931
4234
-5017
-424
-3315
2756
-9780
-3251
8759
-3596
2517
9006
-8560
1987
668
6235
-3340
-3232
7676
7089
-9102
9755
3247
1949
1258
-9992
-6905
-2066
8050
-9332
9978
-494
4762
3141
-6362
-6267
7792
9173
2127
-4038
-2316
8684
-4131
3113
3858
9098
-4751
-816
-5392
8482
-2811
-3419
2890
-2918
-8562
6451
2380
-6964
2685
7335
-4155
-7770
-239
-4552
3202
-5237
-7104
-9735
6842
-5862
-5888
-7686
2194
-3555
1304
4674
-2750
-9572
-7108
-8573
-3211
-3176
3031
-181
-3598
609
-5044
2115
-5332
7291
-8699
2721
5616
9089
-7802
-7048
-3422
-2440
-7990
6929
-5470
-5984
3433
2208
-482
6552
8819
-6151
-8445
-9037
5058
2322
5087
-9577
9939
-2358
-3072
-1829
-618
-5621
-1132
-3832
5005
4418
-2351
-7113
-2622
-4678
9104
-5551
-9844
9839
-3917
-8074
-9846
5218
-8384
1684
-1717
7757
6975
5153
-4803
1304
-1627
-7596
-2763
-1099
9983
-366
-5303
3381
4182
-2829
6402
4875
-5867
5120
5605
-7107
-8661
-3981
8648
8643
-5240
-9524
-39
4379
-6676
-374
-6927
2697
-9955
-7885
-521
2580
-9017
-2763
-8697
-1658
2164
-3663
734
-8478
1086
9308
-851
9103
-4539
2450
7100
8280
2643
-2423
-3969
-2431
5153
-5248
2631
-888
499
-1139
-6972
7450
9921
9191
9108
3460
7075
-7346
-832
1860
8796
-4143
-2931
-5119
156
4518
-5513
1888
-4723
967
9466
3661
-5551
-3214
2873
5250
3462
5850
-4988
-2515
-512
-1504
-467
-3379
-8374
-6994
9642
9792
-598
-5678
2285
-6783
-5962
4747
7700
984
-507
7801
6259
8588
7889
6451
6423
2676
3656
3352
-4211
9035
-3417
-7972
6983
-6295
-7433
-3853
7759
7157
-352
8056
-8561
5746
9802
5407
2653
231
2078
-1107
1199
6867
458
9786
335
-7915
-8814
6747
3137
-955
-643
-9112
-3310
9195
4444
5991
-6095
9087
-8369
5929
-204
8708
8280
9991
-6135
-4423
8562
-465
-5186
8739
2609
3373
6355
-209
949
-3189
1929
1820
-6839
-8066
-7006
-2425
-8867
2693
9695
-2797
44
-5532
-1138
-9866
-9363
-2046
2252
5017
-2458
6429
-5049
-1981
2214
-6338
571
-8909
-9793
-7409
-5348
8775
2319
3884
-8211
6252
-4497
-3721
6803
-3708
-3192
2569
-809
-985
915
-3528
-5931
2176
6071
7856
6195
-776
-9748
6041
-210
-9915
-9380
6723
5533
-8573
739
6292
564
-2338
-244
8992
-4352
-9285
3813
-7942
-6993
2818
-3769
69
-1012
-6128
-4310
-691
-7410
-9425
-2779
8071
-9141
9337
-9296
-727
-6140
9748
2747
-3783
-8206
-4416
9811
6725
-269
-9814
-7977
-5758
-9434
-1624
7722
-1971
9135
3327
-4783
7799
6929
-6143
4177
-2313
838
-344
5267
-6471
8470
-3032
-3522
897
2166
-6534
3783
9911
7356
7385
3569
-4320
1992
9908
7436
-9606
5884
-65
2671
8572
725
6318
8118
-4418
-2621
9001
5399
-8365
-3947
-4138
-8801
-1810
-2750
-5197
-7669
-789
-1170
-8834
-4085
2276
5625
7356
8169
-6498
8867
-1252
-7820
-6239
-7906
9464
157
-4102
-9269
2014
-7480
-8181
3066
-5482
-4660
-4689
1214
-3574
-3619
-9240
1130
1533
-9711
6737
5509
-3016
-2105
-9655
-7386
-3076
-9315
-820
-1899
2130
1090
3697
5926
2577
9151
5388
6036
5841
-2650
1761
1185
-9683
-7279
-4601
7231
3541
4522
-8884
-1683
8914
-1603
3376
3405
851
1867
-2229
-2940
6803
-535
-6759
-9611
5504
-4479
1681
9401
3648
-6861
5640
-7067
9476
1361
173
5406
5960
-6730
-1343
7829
8072
2801
6968
-1391
-6517
-8565
8525
-4986
7570
-1851
2019
-5155
7634
377
-318
-3691
-9775
2369
8115
-7470
-9504
-5509
5455
4844
-7072
6005
4315
545
-5165
3959
-4731
6346
-4641
-1401
-7945
-5833
-4295
-7242
3792
1229
-3016
-4401
-3881
9348
7831
3777
5526
-8530
4572
-998
6699
4331
-5313
-9676
-6042
9353
7264
-2498
-2009
5830
-5500
4720
9776
9155
-7052
7321
5829
-3539
-1564
6303
674
1016
-4628
-5625
8403
-3395
1187
5227
9968
-3673
8465
-2204
-617
-3479
6500
-441
4857
564
-8124
-3626
-2676
-678
7264
8334
-6108
-810
-6330
-9346
7295
6708
3972
-1071
-4534
9302
1684
-8330
873
8593
2418
8236
-2239
-4714
-9570
-104
-3913
-8079
2168
-1717
-1657
-7639
-1816
-1132
-8124
4818
-1744
5215
-6898
-3069
-9702
4275
8478
8525
1891
-7755
2769
4914
-1958
2468
7071
-9822
4844
-7497
9793
5708
-3203
482
8044
-2603
-6558
-2890
9804
4493
-7216
1732
-7716
5827
-7762
-389
6143
-8229
-1747
-3915
8790
3682
6928
994
9393
-6192
6384
2085
1
9909
1542
1956
1448
5049
4539
-8487
3076
-4437
-4612
-6049
-4131
1850
-7102
1867
6335
1588
4571
5901
1126
8974
4941
-6021
8785
6204
400
-170
6871
2592
8811
9682
-2290
-4269
-5365
158
6409
6648
-7658
-6784
-5154
-867
-2192
-4797
180
-896
-8473
3151
3352
-1257
-9790
7438
-2533
-3409
-5756
-4644
3941
-3688
-6832
-9298
-7784
2255
9555
-662
-910
-5209
5892
8297
-2463
-6946
7794
-3649
6241
-3742
8660
-9631
-1297
-2120
5597
9121
236
-3677
7325
-5374
-4620
8040
3530
-9809
-7939
-9081
4378
-193
3994
-4261
8461
8443
-3820
-2605
482
-2129
3001
-8844
3496
891
-5056
398
-6601
-9291
8380
-1220
-2267
-7176
-406
-2678
-5415
6799
5723
6355
-732
-4525
1609
-799
4604
-3070
-1464
6085
7715
-9184
-2006
7440
1160
5903
8654
6266
3641
-395
-4281
-3393
8950
-1464
7634
4614
-3209
-862
7281
-2287
-6284
8587
8005
6936
4205
-4283
7179
-8243
4766
1746
5031
-1122
1608
5173
-7918
537
-8085
-8113
4451
-77
-1541
4279
-8649
1356
8244
3379
-8793
-5390
-678
4844
8427
4448
7684
6848
4391
-2639
-6891
-1855
381
3453
-3420
-2121
-4741
-86
1905
5867
6830
4303
7067
-3199
5511
-1844
-8723
-6985
-5578
2939
4103
5064
8982
-2099
-6089
8170
-5336
2566
8680
9736
2795
3118
6344
-7577
9888
-8203
-5266
3170
2694
-1278
-8825
2348
4083
206
2711
-2686
453
-3554
-1480
8345
127
-251
-3520
2726
6522
-7187
-8818
6370
8840
2990
1422
2506
-2647
-5420
8684
-2783
482
-1230
4031
-1062
-5702
-110
8165
9648
6468
8502
307
706
2170
-7719
8395
-67
4954
-453
8042
-4000
5434
7212
-8563
-8448
6946
-5162
-1843
1971
-307
2777
-6478
-6270
805
-1788
-8197
1921
-6353
118
-2189
9368
-5016
-5822
-1887
-5096
2038
5025
-6506
4997
5038
6940
-1062
-8258
299
1128
3561
-6025
-3230
-1994
-30
-9373
9599
4831
1732
9713
-3694
-1870
9168
4265
1174
-2069
-9028
701
-7691
-5831
6147
703
2364
3398
-218
9410
5527
9263
-96
-2485
2831
8950
9683
-1009
4325
-8561
1621
-21
7788
3121
-9113
-9743
8482
9643
8312
7229
7481
7775
-5810
5790
-4928
5216
3948
-5458
-6376
-9304
8834
-977
1306
644
2332
-5631
-5797
-7086
5148
5844
-4645
-9746
-1894
9282
5778
-8782
1340
-8186
6336
406
1748
2233
2189
7811
1968
3055
367
-195
2472
-5004
5705
133
-6649
101
3243
-9853
-9844
-994
4228
-7652
-1433
-39
604
-9369
9063
-9163
-8463
-4777
6221
-3289
-4829
-4344
836
5254
5771
-837
8335
9700
5041
7541
-5562
-2720
9760
-3092
-9217
-8260
-7742
1406
-493
-7595
9153
8169
8782
8908
4657
4423
3776
6242
8022
-2757
-6174
-7152
738
1674
-5718
9329
-4950
-9817
2822
1603
5879
7968
9042
-164
8821
-7907
-1801
4058
-7076
8189
2171
335
-7808
-4397
816
-4883
525
8142
-4919
-6172
-4543
4449
1915
-3506
-8681
9634
-3218
-6457
-5132
8370
4109
2415
-5415
-8713
-1197
-1831
2595
-600
-4813
-9138
1415
757
-7079
-5715
1354
-213
589
-7807
8634
-4539
5670
-7370
-1788
2601
-5780
2946
-9158
7304
7132
7725
-5927
-1084
-9178
3215
8251
1193
676
-3098
1993
-3731
192
7577
4817
819
-1492
-1555
6273
113
4336
5027
1695
4705
6698
3848
-6197
-5081
2805
-5175
-6576
2264
3443
-4171
9741
-9317
9792
-797
-3269
-7082
-8155
9784
8273
5251
-903
-5588
-642
8494
6609
2347
-7294
1335
-3446
4853
1121
-3682
9256
-304
-4466
-9448
-918
6722
298
-7613
3716
-4279
5174
6920
2956
9555
6067
-6323
-9962
-2939
3593
9159
9607
-9621
1702
3961
3513
6948
7672
7535
-3730
6766
-8283
5210
-3703
-8076
-5753
-2959
585
-2553
-3496
6300
-8336
-6073
3898
-5873
-6866
-6902
1868
-2955
-5598
-8872
2329
-9554
6506
377
-412
-3945
1115
1604
5724
-866
-3046
-4075
9536
-7637
8618
1631
-712
-695
1349
1586
-8696
-9701
1582
9102
-3977
-3543
-1574
-9515
-3968
-234
2838
-4133
-7264
-2929
-6972
6424
-5149
-4901
-2520
3480
-3000
9852
-1133
-750
-3261
-313
5553
-5000
6848
-9953
-9417
1612
-8815
-8961
5883
-6398
-8438
3200
3085
-5553
-7567
696
-1061
5609
9339
-1825
8301
4558
-4361
-7529
3570
-404
2469
512
7356
-3996
-1513
-9864
-8912
-8344
-6702
-380
9285
1034
8650
3014
-4969
582
2971
-3194
-9389
-3663
1260
4740
5193
9790
-1570
6326
-122
-2553
-6823
7451
170
5508
-805
7535
-4221
-1254
-382
-2981
5062
-9200
8403
-7809
155
2626
-6460
-9970
-158
8229
5958
9240
-9887
4888
895
-3835
-9422
-5401
-4637
-8748
-1232
7060
-1917
-2834
-1106
680
3207
-3564
-6136
-9731
5793
-6526
5727
5428
5472
-1647
825
4360
2952
-3308
-4792
-2793
9423
189
-4810
3552
-5226
-6039
-3931
9357
-4949
6687
2321
-7294
-8612
2515
-360
-9011
-5199
9812
8087
-5295
-3559
-5368
6663
9594
-521
-2041
-5288
-2008
314
-9890
-997
-4941
9777
5747
1409
1750
5862
-7157
18
-7312
1157
-9726
-1257
3593
301
-4366
-4633
-94
-9581
-5312
-2754
-652
1891
98
7987
-2479
5962
8869
5188
4457
-4013
6223
-9464
-4276
7109
8869
1067
-5436
-4297
9917
2998
7659
-8018
5162
39
4187
7561
-4061
-3478
5664
2389
583
-2204
7714
-7077
-859
5463
4457
5658
3916
-5168
-322
5368
4123
5538
6648
6758
-8756
-8602
8669
-8421
6417
-5280
2584
-4255
-6409
2426
-4513
9078
-8492
9270
593
-6054
7674
7838
-6265
5557
5932
-6996
-5057
-5867
9845
3228
6035
-8009
-4780
-1668
-3341
-4350
-3590
8902
-6392
-1942
2981
-7279
-9948
-9300
-3500
-7218
5584
7818
-713
6829
4041
788
1854
-2264
-3054
13
4943
-6016
-5274
-4635
5555
-6313
-4372
6328
-6886
9919
4743
2136
-889
-2269
-7710
-3487
4783
2351
-4741
4413
-4652
9725
4597
-3846
-6640
-6917
6327
2580
-280
5689
8514
8331
4319
3539
-5978
-4172
607
-6955
6974
-2134
9433
-3362
1029
-712
394
95
9446
-1365
3057
245
-8160
8634
8348
-4226
8360
-8475
-3312
7834
-6033
3975
-7968
-6679
4387
8753
-6514
2483
-8622
-8799
-6082
2678
3347
8339
-1499
4981
-5075
-7044
9139
5065
-4164
8451
-1504
890
8500
1742
8998
5841
-8077
-7628
5818
-6805
9114
-9707
-2838
-1055
741
5230
9502
-7441
110
4898
-7152
-9066
5944
-7002
-6444
4796
620
4903
-3332
8264
-7030
-3758
2729
-7318
-2062
9886
4491
-4150
-9858
5030
5669
-4619
-1940
-9528
1003
-4824
-9020
-5708
-9822
-9711
2948
-2210
1702
-1887
2132
-4119
4380
-164
-9909
4508
5395
-2334
7625
6970
-3930
-125
-9849
9532
5612
-2780
6377
-8042
9630
-7355
-5403
-2862
8680
5809
3330
8674
-2412
7558
3449
3655
5894
8572
8173
7313
7596
-1061
634
-4889
-6085
-7524
-9051
-6053
-6204
9767
3284
-7806
-6699
-1089
7171
-1673
-2444
7095
4072
-196
-9210
-5639
-4528
-383
-8374
5574
859
6597
-9464
-9983
8711
-8228
-1584
1892
-6109
7727
-6252
-6795
-4160
-56
-1203
-2624
-8777
39
6487
-5231
-8190
-5952
8102
3373
-8408
-4437
8127
3729
5820
-3406
-9850
-449
4940
-9236
-4368
-8278
-9953
-7355
-2703
-9541
-143
-684
5197
-5581
2364
-6883
9536
-7810
2438
-9569
1502
-3860
5281
-3530
-6270
-1137
-6093
-4874
-8761
-3498
8686
4269
1723
-1781
1451
8277
9138
4516
-629
-7480
3395
-9484
3802
-533
-2553
628
731
5953
7772
2343
8135
-1620
-2168
1861
324
-9849
-2592
1184
-4360
238
-6436
3358
-9077
-4829
-7263
3724
9780
-4879
3967
-4870
5614
3327
4454
-4700
-9946
3062
-384
7603
6204
7581
6915
-1526
-1630
9584
533
-4557
-5662
7667
-1986
6963
7153
-3959
-8559
-2595
-5471
9592
1817
-8694
7597
-8447
9002
-6611
3358
-9330
-1772
-6114
-2278
-1437
-5491
-608
-5594
-8498
9278
4056
8491
-4755
2272
1134
8779
858
3033
7867
9064
9222
2515
-4153
3252
4643
-890
3422
7336
9885
-9624
8030
-5735
7909
5143
9626
-3239
-942
4767
-9540
5637
-7633
-3779
-5895
8231
-3932
-2706
-4466
-3854
-2710
-9019
3758
-562
4341
7161
-4702
8180
3040
-5923
195
-1513
3177
226
-2423
-7360
-4212
1490
-2743
-7483
-8000
8009
8885
3839
-5733
6526
5240
-2675
5362
-4476
3970
4519
8487
7069
-8853
-1843
-3504
-5366
4488
6867
-1290
-4125
-1186
-1058
-4176
-4171
9979
6144
379
8757
842
-3662
-1726
9918
-4133
9582
2785
-3606
-7332
1552
2504
-5675
-9465
1750
-9734
8977
6533
-9559
1867
-3852
5306
-4218
-4564
-1502
7708
-8102
-201
6163
9291
-139
-2049
-524
-1579
-1981
-1226
-9466
-4198
-9392
-1886
-264
-7294
8443
-1447
229
5786
2737
-5588
-9969
-2411
-1145
3552
-3931
-8270
-8855
-3448
-3886
-432
4520
6418
-9323
1760
3722
4605
6454
6340
847
2822
1435
-2622
-2040
-455
5235
-8849
6661
-3668
4036
2157
-5397
964
5688
-9468
-8552
5659
-9682
509
-7736
3158
-6721
3325
-5792
-3231
9312
304
8451
-5269
-2334
7609
-2883
-6801
2666
5330
-3096
-4738
2594
-712
-6145
-139
-58
4308
-5199
6167
-5200
4721
6827
-2366
901
-3500
6505
5323
9603
8741
-4880
-1716
-5566
-6001
-4224
8776
-8210
-4839
2155
-5345
-9043
2868
8601
-7523
5031
-5140
-7853
-8088
-9927
-7583
-8804
10
4076
-540
5202
2725
-5556
7193
7421
3241
3010
-2656
-8989
-1183
-8067
7386
371
-6117
-9031
-3097
-8624
3214
2623
-2712
734
4527
3941
-8980
-4530
9539
4377
-7653
3815
2025
8697
3346
-1144
-6514
4163
-6391
8445
-6140
731
380
7999
-6133
260
9289
-5175
436
-2602
-9256
7696
2831
8315
-1979
-8876
223
-5350
-627
4760
8622
1839
-1767
-1728
-6828
-5271
6576
5926
-9970
4328
2533
-6121
-443
3488
-403
3286
5811
-6053
1465
3093
7044
-9647
2356
8835
-7613
-3490
7616
-120
-2028
-6024
6128
5647
-6298
-3720
2687
-8884
2362
4059
8899
9259
9381
-8113
-298
8025
-5254
-3388
4886
-7112
6636
8595
2516
2882
3872
6910
6840
8715
2840
-693
-822
7681
-3456
-8792
3012
5734
-3919
9748
9784
3627
-1373
3007
-4045
-792
-5192
6101
9856
-9407
6013
9890
4308
-2559
4903
-6295
58
7746
9632
-3483
4792
1394
-5313
-7272
-5714
8687
216
8983
-63
960
-6122
8383
-2806
7648
9264
-4098
-7920
2726
6893
6373
-2093
1599
-3271
-2888
5861
-618
-9913
-705
-193
4336
-2722
7156
3268
3359
-9410
1127
5067
-9462
8417
-7397
-2709
5326
154
6294
-7582
6102
-7931
-424
8731
-6556
-1463
-3390
-5238
3706
3628
7383
-6915
2465
-4200
6865
-2786
6244
-6693
-9791
-306
-4976
-223
3408
7712
-21
7043
-8679
8172
3853
-4076
8370
720
1330
5092
4207
-6916
7439
-9592
-9984
-7258
-4627
-5908
-3822
-2822
-7481
5077
1441
-4446
-2052
4513
9490
9996
2347
-9607
-7776
-3634
4730
-9604
2302
8697
-5352
893
-5088
9
-2389
-535
-382
6829
5605
-2441
-441
-9001
-9733
7144
-9752
-1903
-7999
9313
-2395
694
-1846
-3007
-7995
4473
9256
-5031
343
-6420
-4661
-4984
3816
-6881
4870
-4592
7187
-1641
4528
-1420
1235
7670
5675
-5612
7531
7695
-1919
-4296
-2345
-9740
4805
-4928
-76
7378
6684
5911
2097
7586
-3453
2298
8918
-6147
-1821
5796
2833
9883
2919
6456
9067
-6731
-1916
-4603
2240
-904
1975
6583
8082
-3970
7603
4380
3775
-9720
321
-3210
-9214
3318
1152
9032
4544
8601
5648
7632
668
-7320
-7377
506
-5450
-1043
-3950
8157
-816
8022
-8309
-4397
-571
-6156
-4454
8482
-7413
1032
-5585
2339
-194
-7565
7700
-6445
9737
5925
-8782
9704
-3899
6960
-1649
-470
-1606
4349
5959
-1737
-8105
-8922
-4920
3422
3808
9560
-1937
-8134
-8524
-8781
-333
-7611
-3900
2779
2332
652
3357
3448
6590
4477
8844
-3031
2351
-7058
587
-54
-3936
3007
1989
-3399
-1710
-118
7665
1567
4960
1249
9390
4151
6780
7298
-3864
-1474
-2976
4523
-5440
8196
-8195
1861
-263
-5602
4070
-2687
6494
-7218
-760
-7540
-7224
-8470
-7830
-2669
683
-7255
9410
4858
-413
-341
291
5330
5665
6978
2699
7907
-1238
1318
-2834
-2557
-3009
-1050
-422
-6120
5572
6977
6057
6380
-8690
-7271
9536
2929
8507
7422
2447
-2274
-6026
-4622
4863
-7669
-1049
223
773
4912
7276
-4479
4212
5875
4346
-6023
8898
-7202
4585
-7716
-4443
-8068
-1920
3412
4991
-2529
-6913
-7108
6705
-9312
-4527
-5132
6228
-3152
6840
-1229
-9436
4659
2545
4774
5220
-3731
4540
9920
-336
-9834
-6819
-7006
1096
258
-3895
-2187
1738
-1321
3302
-8024
7892
7108
8736
7207
-9289
-605
299
-1948
3013
8867
-8096
9533
9258
-9474
-3260
9475
-1380
-990
7759
-8555
7759
-7970
-5762
6528
-803
1220
-2192
1971
8355
-7145
-5369
455
5022
4541
-8495
-4653
2699
8930
-255
2789
-7216
-7030
2798
4572
-7584
4819
-2208
4226
7797
13
2328
8035
-3534
6838
-5033
9023
8389
-611
2847
-4441
-4634
6646
-4527
-3617
-1265
-3619
-927
6025
6447
9998
-467
7033
-8582
-5333
-1247
-8514
5472
-5334
165
5455
-5328
-6178
6022
9027
-7445
6373
588
6443
9776
-7946
1441
4884
-2614
2401
9061
-8331
5690
-6946
-8188
5731
8431
6425
-4847
6445
4628
3195
-5631
-1371
7531
5542
3810
-3778
8272
-3815
-3368
-8868
8540
5606
-7883
-2377
-6884
1792
2622
-5559
-8220
-1269
-1730
2778
-8621
-9780
3162
-8833
-2866
-9490
-6496
-7545
-6961
-832
-4111
5572
-6206
4683
3024
8477
2286
-1313
-3063
-6061
-1721
9635
5668
-6809
2530
-6481
-664
-705
-5671
-709
1219
-5678
-6190
-8067
-9082
-5250
-8436
2581
394
-6389
-7993
9891
9155
5675
-6408
-3986
9676
8527
-5067
1563
8202
9138
2316
8459
1779
-1462
-2885
-2279
-6350
9126
-1828
5519
3868
-6768
-593
2902
4102
-5001
3562
-9554
1878
-6730
1336
2772
6928
2107
-1275
-1126
-8792
6784
-8326
8902
1788
-1299
-1961
4745
-5740
-9370
-8098
273
9423
2386
-4658
-4523
-5712
2082
7552
5149
1288
-909
-6582
6995
1570
-1134
-1371
2054
-645
6143
-3527
2290
6211
6861
-248
-4569
-6510
858
-5643
-9066
6672
-748
-4297
8549
1627
5252
-4078
-5636
3246
3849
-7997
7565
-5082
7165
8426
3503
9579
-5063
3756
8443
-3315
9950
-8036
1830
-3790
1417
5185
1049
4723
804
2503
-1347
-3134
8712
-7318
7054
4222
3495
5978
-7529
-1174
-4198
3059
6260
6936
6499
6770
785
-6766
8216
-9772
-9096
1288
4791
-7659
4210
8407
-7703
-8576
-7095
-7756
-5637
-5088
87
4488
-7802
-3146
-3833
-4169
-3601
5574
9777
-2146
5916
-4656
8655
8826
8801
-9513
2863
3516
5343
1
-994
6911
-9619
-6168
-1338
8994
9418
-4944
5371
7076
4815
-8130
7424
-9297
8767
-6063
-8831
-184
3473
-9072
-4201
-796
-3195
-4308
-246
4858
-5525
9621
-828
2581
508
5143
-6507
850
6647
3475
1643
875
-3307
-1815
-7492
8408
6193
-3392
-8158
5790
-1066
8754
4689
797
-1744
4275
-920
3078
-7116
-1025
-769
261
8132
-6696
-5784
3760
2868
-732
-6378
3818
3197
5023
-5475
-7209
8003
5510
184
-9077
1612
-198
-7172
-6598
-9217
3920
543
-5724
-5259
7705
3183
-7537
2896
-5988
-705
3486
7042
6260
-4645
8251
-3994
8649
-1585
5712
-3989
1384
367
-9221
7147
-727
6546
-9564
-2933
-458
9585
-3401
-2942
5481
-3659
-9455
-7808
1538
-9143
2826
-6547
-3238
-6415
5688
7090
2063
-3950
-1586
1620
-2009
2866
-6734
4947
5606
-1267
2995
-5763
113
-1977
1866
5904
9441
-5006
-708
-8808
7700
-9841
6678
8756
-2451
-6665
-2218
-6845
-1361
-5688
5450
7269
3558
-4811
1242
-8928
5317
5261
8531
-1408
7832
-8470
2774
4941
9546
-4177
-7998
7442
1581
1998
2612
-8461
-5335
-6512
9393
-3747
3954
1801
-8582
-7155
5794
9777
-5912
3290
-6307
8324
5346
-262
6358
-7647
1758
4519
5494
2365
-4247
8785
-3164
-4089
-4126
9397
7221
9618
-487
-6501
4175
-595
-4310
7193
2605
8657
8767
-9560
7612
-8953
807
-2935
7719
-3304
2678
-9981
-131
8413
-5910
-9842
-2182
898
1456
9370
-7582
6996
5979
-5597
-7420
1823
-9179
-5889
5483
9847
5376
2262
-9632
-1147
1570
-8568
-4254
-9538
853
7388
531
-5102
-8025
-8381
-6919
6963
-2581
-3154
-8808
4572
3217
-5828
3383
5125
-9329
5436
5489
3733
-5366
-3013
1373
-5442
2097
-5876
481
1559
-8770
3580
3021
-2467
-6666
-7787
-2696
-4304
3074
9612
-718
-9033
-3687
-6364
-7788
942
4
6236
-6226
-5775
-9065
9284
-5745
-6618
-2661
4126
1801
6552
-3213
3881
-6775
-9405
3581
1032
-1116
9444
-2507
3685
-6133
-5438
-6101
4413
6429
9739
-4691
-402
9432
6704
5099
8632
9037
-9643
1933
949
4681
1526
-7747
7461
-6121
6222
-1918
-9227
9882
9431
-2479
9338
-4675
-1532
9543
1542
7240
8218
2282
-9285
541
181
-6235
7736
6214
-3932
-3749
1661
-4978
1076
622
7829
3751
-2592
-9990
-91
-7029
8588
5518
-213
4454
-1469
-40
3659
2521
8380
-1987
7991
830
-6135
1138
5768
1888
7321
-9105
7096
3885
4854
-1348
-3315
774
-6228
7845
-7124
-3594
-7547
1866
-8868
-1951
4566
-7188
302
213
1622
-4048
-3849
7971
-457
-5021
6367
-6432
-7578
2227
6485
-8487
-1422
2491
4661
-2035
3794
9567
2344
-1130
5805
-7548
-2740
-4700
-5877
8906
-1227
-728
-1229
-3787
3961
-4856
-4298
7298
8539
4604
1844
7954
4727
5594
-7141
-3605
8132
837
2284
-6153
4958
-3556
-7529
-5396
-2477
-1428
-6071
6750
-934
-3606
-6934
8248
4801
6910
-5591
-8287
4215
5551
-8607
4462
8763
2306
664
-4930
-9428
-4778
-2209
-6652
2000
3525
-880
1358
-8554
234
-5346
-4684
-9554
-2068
-2452
4693
2439
-2430
-6823
3436
7153
1881
1624
3919
-8530
-8717
-210
-6628
4214
-1293
9061
-7134
8636
-8454
2947
3649
-2831
3776
557
1790
6676
7415
412
-903
3744
-4005
-2880
9054
-5117
6244
-5838
-2345
9211
4787
-1147
-2880
573
-797
8914
-1394
-125
-6289
7900
-3111
-1658
-5830
379
7989
558
-1943
-7320
918
8953
3648
4579
558
-4125
-5980
-9704
-1165
-5472
-380
5525
-2827
-1412
-1299
-487
2228
5677
-4814
4608
-2150
-5595
9699
-3827
-5870
-1007
68
1188
-1781
3660
6629
-5435
9046
-7844
-5857
5220
-6846
-5978
-5215
-9201
-7412
-7588
1541
859
-9727
8866
-7788
2159
-8246
-8694
-8313
9798
-492
-1175
4461
-2431
6482
-2311
-6291
-6321
-818
-7850
-1300
-746
2545
7736
-3405
4163
-9788
-5317
8250
5240
7942
8472
-7929
6325
6931
-4999
6885
2399
7412
8270
-6987
-5251
8520
-3629
2898
969
-7853
-383
-6766
552
2906
-850
-7814
-4936
2449
-4802
-9329
-389
2918
-5131
-283
209
2577
-7956
-4138
-8527
-7432
5363
4853
6645
5802
8351
9203
8865
-9643
8927
1301
-1328
3559
4389
-4074
-242
-2314
4186
9957
-9813
-7940
666
-5923
-3517
8825
-9057
-4854
2407
7721
7319
-5039
1762
5468
1933
2682
5797
-8134
5096
-7323
-5590
7680
4365
7460
9918
-2222
-3722
-6730
8783
-8107
406
-904
-2818
9550
7914
4923
-701
5232
9843
6072
1771
547
-4888
7431
1718
-3998
-7222
1703
1871
-4145
-5491
-761
2114
-5928
6240
-2121
7064
-9338
-8907
790
7178
3346
9744
-6530
6315
2680
-7100
5808
1753
1120
611
-5111
9259
-7227
-8933
-1000
7102
588
6316
-4357
3571
803
-5139
3185
5444
9446
-5422
1174
-2829
-8474
7310
3510
5698
594
6509
-7871
-5316
-2699
4739
-8019
-7704
6138
-7817
-9432
-4572
7570
8299
-1332
7101
-1140
-6657
6929
8442
-6997
-3229
3776
-5214
-6322
7374
3526
-8631
1606
223
5169
-1665
5635
8684
5520
-6908
5042
2729
8271
-8585
1672
-672
-3018
507
-3774
-9560
3500
2484
252
6026
671
-7088
-579
-5122
2485
-7138
2991
-8548
5713
-1545
3704
9936
-7800
-8774
1192
6525
9370
-7081
4600
-8102
1081
-1346
-7928
2174
2643
4653
-1637
-1593
2925
-4681
7807
9608
5139
7075
4440
-6115
-7892
-4864
8085
-9484
-3149
-7256
6595
-3834
2202
1412
3309
5653
-6385
4637
36
-1388
-7270
3083
1889
-4121
3719
5720
5881
5635
-7992
7722
-6973
-4283
5172
905
3630
8251
-1904
1184
-5337
-6499
-7041
-9595
-7165
-7278
-3889
2320
-3814
2491
-2721
6038
-2769
-1518
-3020
7990
-6594
-470
7787
9866
-7494
9411
1909
145
-5087
-3956
8959
3521
-1161
-9127
758
-5659
-1789
-8127
-7032
9505
-4515
-3891
769
-5189
9949
-4479
4375
-3695
4679
9609
2098
-3835
3462
-1607
-3412
-3432
1861
5872
-9592
-3088
244
-5011
1198
-3658
-6326
1138
-4842
2534
2986
-9945
-8719
8922
3879
1139
-7898
3955
1946
5748
6984
5067
-5462
-5538
2456
3606
-1883
985
7532
5287
-2454
-2708
-2319
-4190
-5852
8422
7104
9674
9214
9289
-5902
9393
193
-5375
6280
-1023
-5835
4599
-7570
-8028
-2131
6390
-4004
-1956
2292
-4844
6008
-5055
3309
-3390
6924
-7339
3488
-1170
7884
8652
6929
-8013
8004
1142
4404
7901
-7524
-9184
-4826
-4110
7057
8529
-9832
-1308
-8562
-7048
9730
-1919
-8920
-6237
-7315
468
1355
978
5225
136
-1658
1557
-4709
-6655
-5875
-9254
-1484
-2599
-2812
2343
7083
9544
1510
3792
7403
6492
-579
1071
-8450
9861
-6203
3382
-7585
-2004
3140
1205
-4199
6325
-2977
-7508
-2541
-1665
3302
820
-7903
-3023
-576
611
-1905
-9751
5018
-9732
8969
-2999
473
-1127
723
7840
4296
6916
8140
-5116
897
-6735
667
-7946
2959
1173
-1805
-8533
1169
2362
5540
8752
274
640
8514
-5395
5739
2222
4097
6699
3931
8618
2006
-119
-6077
6266
-5239
-6171
8169
1965
7613
-8178
-5123
9876
3740
1239
-8351
-8856
-4104
7220
7326
4757
-2026
-706
7540
-4841
-5190
5827
-3393
2521
-2093
7099
-6145
6803
-1486
2684
-7152
-3151
-4692
9045
31
603
3629
8556
-5765
3228
-9890
912
5279
-9798
2327
-6582
-6683
-5103
5299
-2395
-8547
-4972
6031
4573
9121
-1006
-3114
1040
7973
8669
-2867
-4082
4546
-1657
-4080
1085
-5509
3836
-9993
-1138
6954
-2179
7152
400
-1500
50
5686
7914
-5811
2089
5473
-8874
3784
-7913
8849
4219
5694
3212
-8296
4268
-2774
-9575
-132
-2644
-8374
-71
-8785
-2525
7511
4599
-1006
9700
2481
3735
4933
-4497
8918
4703
5633
-1213
6940
4523
-2573
2109
-1586
7385
-9277
5093
-8486
-7560
3300
-7480
4596
-7837
-1609
-7771
-4352
-1081
7778
-9172
1250
7709
-3899
5139
-8443
4023
-5265
9100
-1085
3826
6831
6377
-3166
-2433
6327
-4491
-125
-5069
-4003
3851
7086
293
-5475
6773
-1718
5707
2505
-864
6645
7974
-6226
7764
307
-5959
5906
6868
3657
2589
820
2056
-9111
-4911
3735
-2268
-507
-7295
-379
-7254
2388
-764
-3800
-5286
8759
-7665
9954
-9722
6423
-4610
-8327
2415
-2252
5535
8937
8225
2912
-3177
-10000
-3408
-9485
7093
8033
-2192
-5634
6397
-2486
3525
-7406
-8896
-8934
5919
7254
3140
-3698
5800
-5545
-1117
3704
-9776
6568
-6614
7695
-7660
-9329
-6507
-5580
-1686
7685
-8972
-3447
-2484
-9643
-512
6514
5356
-2987
-129
-9160
8973
-769
834
6749
1236
-9051
-9455
1536
-8207
5366
6324
9346
-3297
2797
-2279
-6501
-9748
8214
8927
3756
-6245
-9707
8985
-1842
-9301
-3794
5229
-1547
-1730
-8626
8756
920
8537
2990
8763
-6342
-7344
-3122
-401
7280
-3988
-1440
-9773
-1939
-2446
-2570
-5438
2602
721
-423
-5479
6411
3608
-5581
361
9251
-7533
7380
2368
-5409
9381
4492
-1876
7699
2436
3380
-830
-5955
-7013
-5783
862
9551
7133
-4240
3707
-5752
-4781
8368
5934
-4648
-3105
-793
2737
-7162
9643
-7084
1411
-9505
-9721
6657
223
4654
-1430
4531
2731
4199
980
3413
-9892
1265
-3785
-6814
54
-8104
547
-6292
-7210
6652
8792
-445
2084
-3778
780
5508
1046
-7979
-8869
3175
8249
-717
7190
-9108
-7450
-3427
-6962
9726
-9159
-8925
3470
436
-9311
5998
-2226
851
6232
-1329
9416
-1715
757
5879
-1134
-5165
-5290
-1738
-7231
6677
-9423
1971
-4895
-9515
9441
440
6958
7499
5539
-2478
-3257
-9661
4235
-237
-5278
-5946
7014
-9945
-3397
-9926
7991
-5517
-1848
-93
2404
8780
-9490
-8690
565
8139
8981
-4978
7346
4104
-2754
2148
5604
9382
412
-7884
9307
-2330
1407
-9016
3428
-9798
4495
9508
3038
-7886
8417
4917
-8179
7345
1499
-40
-9351
6329
-7423
9889
4872
7520
-298
4431
-9419
-5429
-4518
-5509
-8917
-5176
-7000
1550
-2603
6449
8719
-3864
-6584
7826
6271
-2205
-3735
6560
4303
-5055
-6184
-7930
238
-9093
7968
-8746
6380
-1494
3440
3803
1378
5781
1687
3568
7965
-9859
5708
9065
8288
-4675
-1806
1429
5981
6651
-4436
-5794
2684
4170
-1516
6576
-3128
5857
7022
-7769
-1556
7252
-6121
-5838
767
1095
-6317
8985
5645
-9634
2050
2172
8401
-5491
-3674
4647
3698
-1203
-6307
-3039
-9886
2471
-4784
7122
7593
-2944
-8075
1354
-4556
5452
3496
7105
9073
-5361
-8187
-2126
-659
-5748
-7374
8656
2291
2895
1967
-9426
1580
-4417
1381
-742
2722
-3489
6534
-6919
-7030
8178
1904
-2398
-1961
435
-9174
330
1868
-5172
9897
4628
-1252
-2057
5402
6592
9443
-5630
1333
-211
-1387
9203
-7277
-7571
-54
-1848
6763
-2981
-8694
534
-2150
-9681
-6129
-468
-5842
-9136
-5365
-9241
-279
-856
7680
9437
-2672
-1404
7269
2141
8604
6977
366
2556
-3875
-8567
1512
3843
6451
3115
8593
-1928
3689
-5416
-3742
-5571
-5042
5403
7887
1207
-7761
1251
3689
2535
-4425
-3590
-6184
1923
1327
-6773
9971
9948
-2371
2622
380
-3480
-1383
-772
6322
-405
4733
-7434
-4368
3003
1418
-9581
4945
4662
2249
7411
-6047
-9420
-3627
2128
-2689
3075
7292
6577
6743
3001
-7992
-8962
973
4224
8782
-4525
7228
7628
1023
-6419
-9337
-4745
-8390
-3620
-8817
1225
-2762
2689
-1876
5244
-4370
-7327
-6708
6448
-3287
-3507
2592
-8459
350
-6608
5281
8657
7068
455
-2642
2585
9344
5750
1866
-796
5227
5472
278
-6599
3121
-2196
612
-1588
-2663
4123
8687
1153
-6240
5849
5509
3506
-8401
-2751
122
-1471
-3389
-1429
5832
2701
9342
3951
-4840
4723
7674
950
-9714
4215
2891
-6946
5272
9900
783
2887
-2036
8009
-7371
4139
2301
4483
-2480
-8948
-5674
-8505
-242
9080
-7665
-2340
-2982
7104
-694
-9552
6169
6520
4336
-6302
46
-1424
9417
-2371
8037
2411
-9637
9584
-27
9563
-5376
-9116
-4721
2633
-6885
3197
-3694
6764
-1490
-8865
9628
9617
3689
-7664
3639
8736
-5088
7756
1223
792
5293
-8891
-9272
5143
-8400
8582
-4753
-1193
1145
-9498
-1930
-6283
-7606
-7557
2699
8094
5366
-9719
2035
9799
-8288
9746
-7801
8141
-9160
8578
-9179
-9098
2185
1705
-7451
-1162
-3521
9901
3622
-4247
5927
8002
2598
5033
-4164
9788
-800
-3513
-2542
4878
-7820
2916
-2437
-9570
5485
-2271
8200
7637
-6391
-7751
-6649
1622
6965
-4444
2332
3014
641
2530
8593
-2397
-5859
1331
-9535
8960
290
-9157
4787
-3750
-4073
-8824
2943
4413
2652
2712
-1142
-5846
-4947
-2753
606
-341
6922
-7003
-9261
-1940
3001
-2060
8527
-575
-7739
-5151
-8339
-3851
-4960
6893
-998
8262
-90
4496
5998
9827
-96
-9446
5259
2235
-4059
-6167
2827
5779
2709
-5192
-9705
9506
-1898
-5174
365
-3733
3112
244
3049
3094
-1880
9849
-485
5431
4664
-4732
2827
7485
-8079
8809
-2739
-2985
9801
-8773
5302
1935
-6263
8999
8915
-257
5340
1309
5233
3496
-5790
-328
-838
8323
4743
-8038
9849
-5131
-7127
6765
6362
-5679
-8443
3556
-6160
7549
9223
474
7403
3245
7849
-6159
2507
6267
-6270
9702
8175
8830
4139
5724
-7630
9098
-8203
5566
3227
950
-7172
1799
-1028
7248
-9861
4081