191

2981
6138
3751
7586
8049
151
3988
4591
4577
1537
919
3112
683
6225
3321
1084
3720
5268
4597
5697
8279
6486
8594
4802
7748
9979
9662
3869
889
926
6024
252
6685
6862
370
1919
2519
2862
7914
9949
5365
8703
2012
5632
4569
2334
520
2375
9415
1790
8923
8577
1139
1178
6322
4534
7688
4457
2630
6900
9439
2332
4105
1327
4592
1692
4595
1927
8724
2285
6452
2865
532
7194
914
6178
7987
4077
1660
970
6562
4642
4857
6569
4970
2294
7481
7138
8600
8052
3300
6520
9521
6957
7504
2245
7174
7664
3403
1896
2537
6945
2594
3625
1336
874
1047
5907
9463
1527
5440
3863
9163
5716
4249
9961
1589
7491
5864
6225
5551
6238
9384
8
743
9917
3534
8444
1346
2340
1933
2516
3781
6601
2109
4191
4931
2787
274
5341
9829
3345
2355
1
4448
6458
3507
5053
6437
8474
5885
6761
8594
9862
9459
7863
9988
7210
2673
8682
2800
8580
757
456
3270
8316
278
5403
2615
5939
788
3928
1810
7241
558
1897
7622
1479
7311
5832
1024
5720
796
8923
7822
5228
4432
1688
6518
3166
4255