1000

2279
3897
9894
-123
2582
8993
6310
-507
6218
2495
2838
9124
7375
4588
2734
1669
7683
8314
1442
2881
9884
5848
1402
1297
6294
6692
968
4770
6378
-291
5456
7050
5669
6992
5446
9507
5638
5223
2807
4410
-658
8862
5458
1496
2718
2820
9800
5601
1756
7360
1546
9951
4739
1950
7272
1592
1981
5672
-581
3589
9295
6980
9043
4014
2359
-671
3320
8433
-189
389
1192
2696
4854
3957
5243
5671
9564
6003
-992
8135
7767
9499
709
7707
5374
6420
8867
-426
8107
4006
6287
4633
9768
1139
8185
764
7132
7715
714
8808
4254
-176
9951
-673
2128
5181
-844
6940
9162
-895
583
9511
5198
4087
3739
4677
6241
-71
9649
-836
7553
6135
-532
6557
-772
8148
8636
1978
6274
5126
9747
2586
9241
2071
1142
5842
1042
5185
-683
3053
2224
8511
5934
-670
1874
7552
7938
3773
8054
9920
5547
1301
9359
8765
-471
1915
-944
8247
1101
162
2453
1938
5678
7379
3298
9439
6553
9432
388
5683
6292
7039
8263
6445
9056
1960
7163
2460
369
5669
2237
1300
-235
9478
3957
7329
7419
1456
1735
6283
8169
7057
5888
5619
2878
1085
9790
2232
-250
5976
2274
2878
719
7118
2109
1699
76
1442
82
794
-175
8720
6198
8401
-500
2962
4799
-202
8070
922
7604
3424
8294
6500
3996
8110
8606
3878
9092
2796
1584
2075
1560
7136
9749
8057
6193
1786
1094
545
4807
-43
2312
804
6206
9568
5288
2182
-815
9814
9703
-563
-53
9113
3972
239
7739
1134
9024
3578
6408
8833
1513
227
-807
7097
3879
8028
5872
799
5930
1552
5065
9019
-53
3357
4179
4721
9168
3932
2285
9639
2945
9174
1125
8871
4547
5569
9666
1291
7939
2912
9267
7756
8153
6534
1724
5908
2357
6550
1617
7707
2472
-66
8349
487
9708
-296
9764
3212
977
9605
2666
4778
4202
7060
138
1201
7628
2892
7815
8967
6440
6555
7420
4848
-474
7827
1079
1856
7510
7332
7017
3102
4477
8914
5793
6177
1356
7455
3444
-826
7584
3697
8581
2029
788
9547
-542
1102
4275
9498
5905
4157
2344
1845
5892
6333
-642
6165
1395
3855
-408
9714
582
9003
2027
6550
-492
-449
7134
9201
6433
8822
2684
1825
8733
2705
3616
6240
3669
4743
7993
6838
7963
1690
6936
1858
4201
-338
5731
5245
4868
-303
850
2489
6734
2801
3197
8942
9950
8374
1172
8667
705
9153
4159
1080
8598
4021
3777
7222
-95
7272
4968
3277
-254
-216
8812
907
1605
4885
2157
4366
5251
902
84
3930
-528
9836
9184
3841
4225
3128
5556
3838
8643
7259
7341
2518
530
5929
9846
8752
5615
-925
8205
-573
9178
1686
9397
3225
8152
9078
9893
4807
270
-128
5394
5398
-84
3272
4332
2630
-490
4402
8436
7902
-871
-204
4473
9822
7865
9780
8613
-303
7187
3006
9192
1168
6511
2709
1641
1546
2075
8841
1913
6829
5194
6558
1005
9281
6742
2137
7422
6070
1303
9456
5878
2816
1550
5139
3084
8778
7755
8715
7108
6686
505
4868
54
7090
8308
1392
9020
2901
9819
2871
9657
779
1294
662
5977
7744
4719
6704
2302
2270
9066
701
3900
1706
720
4888
9434
112
7529
2458
7214
-291
6333
4518
7639
5130
8424
-679
4422
1481
156
7577
4827
7218
-416
6406
2683
1326
-996
8116
4942
9163
8481
1832
7425
3191
1560
9296
2011
6348
5830
4601
4171
3064
4871
155
5422
5709
1030
1669
7564
1314
7789
-643
-73
6811
988
2665
864
6559
-429
8662
6001
4928
5770
4135
3020
9559
-387
9418
7840
3693
9379
-658
4465
7167
7126
4037
1657
6917
2968
-927
3646
3808
7320
-858
7337
9472
9942
5775
3140
-261
1227
2340
7315
3603
8813
-867
9275
4212
9381
550
-598
-98
5915
3275
6295
236
2709
1747
9877
5842
9461
5209
6562
7361
1525
7675
9763
-304
4251
8544
2688
5950
7632
3944
5058
9810
-535
5440
8619
6843
1892
-282
1405
3557
4486
-751
3289
6834
6635
2469
1567
2317
562
356
-8
6103
4183
3148
6443
8510
4086
6938
8185
9284
1901
291
5331
7655
6760
5245
3769
4401
865
8580
906
114
6626
-35
8564
-43
3545
8012
6627
5556
1093
8995
1808
-520
7333
6543
5428
2767
1738
9871
3716
-375
6764
1897
4783
2415
2780
6401
7579
-855
4531
542
4477
3940
5317
554
1689
3025
2308
8614
-402
1455
7026
7423
6395
-350
3736
5024
6714
5384
5031
9698
9454
6304
2182
5661
2171
8283
4027
4551
3406
5920
9814
-677
9748
2487
7926
407
3969
1931
8277
-298
241
-959
6432
5656
2412
3590
6240
3366
2854
8277
8447
8345
5998
3152
7323
2393
5018
4843
3243
6174
4395
284
-291
5484
4147
-781
1019
4099
-628
9695
816
2589
1902
1588
8184
7873
6423
215
3295
-746
5792
8707
4771
1284
2169
8965
5411
2396
1256
1023
7647
7135
-206
66
6401
-510
2962
8675
8456
1683
3146
7961
2178
4793
5813
149
-435
6368
2702
6903
3189
9490
3981
7774
9473
7771
9403
7158
2194
-665
181
4062
876
718
8920
-60
4921
9069
2864
4560
8457
3695
9160
6015
5313
1331
9048
6418
820
144
9261
1470
774
4386
-355
8985
7084
1459
4240
1382
2615
-644
8349
6585
-859
9222
-99
8424
7750
-473
7442
3684
671
-47
5879
9724
7456
1536
427
9899
1140
5564
109
-791
2802
3168
2877
2404
-465
7943
1636
-754
2990
886
6495
8271
2548
244
-370
7048
9477
136
1124
3017
6257
4254
5081
6705
2944
5890
8852
3016
7353
8123
6588
6226
7811
1670
518
3580
2878
-865
7840
4553
8381
3702
320
3880
7856
1333
2356
9102
-238
3696
5653
4171
-276
4714
7469
7928
9340
616
4021
510
7614
680
9745
1240
2363
9640
-990
8819
8576
9365
3556
2073
8676
9871
-477
9992
6256
4454
3906
4011
1675
3516
9395
7058
2081
-104
9352
2800
5255
5528
9778
7627
-207
1237
7418
2282
7631
672
3503
5778